622753
646070
648489
653815
658462
659613
661170
663405
665354
670085
670202
673987
678286
681578
682556
685759
691253
691843
693700
694392
694875
695248
695486
696690
699728
703119
705454
705750
707478
709617
710152
711847
711869
712588
715261
721074
722206
725434
726030
729134
730553
730717
732374
733138
733968
735410
736095
736606
739460
743145
743211
743284
743573
743810
744963
746465
747096
748293
753768
753877
754311
755228
755417
756185
758220
758290
758422
758475
761785
762740
763448
764142
764378
765834
766163
767705
768074
768255
768286
769461
770444
771445
771885
771931
772183
772597
772710
772772
774135
774481
774485
775434
775802
776699
777253
777741
778382
778509
779691
779858
780073
780619
780692
780931
782345
782722
782726
782984
783691
784059
784316
784491
784529
785166
785461
786467
788502
789447
790099
790134
791674
791684
792079
792153
792251
793538
793956
794398
794673
794758
794838
794860
795073
795667
796149
798394
799685
799763
800498
801559
802024
802737
803538
803930
804469
805800
806168
806583
806644
807135
807310
807945
808071
808308
808544
809523
809535
809735
810122
810350
810569
810781
811140
811163
811290
811799
812347
813700
814423
814921
816243
816682
817846
818035
818069
818181
818695
818795
819228
819770
819802
820344
820946
821962
822694
823961
824033
824103
826200
827743
827913
828041
828298
828806
828914
829241
829663
830349
832397
832591
833161
833170
833413
833835
834685
835610
835976
836745
836797
837952
839047
840137
840274
840803
841270
841364
842282
842890
843346
844820
845145
845468
845603
846232
847313
848115
848673
851486
852530
852980
853022
853279
854760
855734
855804
855878
855996
856088
856174
856385
856603
857263
857317
857607
858075
859194
859264
859479
859625
860783
861358
863072
863250
863754
864609
864854
865335
865461
866109
866694
867070
867113
867232
868170
868321
869144
869443
869559
870180
870390
871030
871272
871308
871780
873720
874578
875281
875570
875815
877580
878472
878519
880507
881229
882267
882980
883953
884867
885140
885529
885570
885928
886171
886364
887061
887321
887612
888006
888023
888325
888904
890653
890922
891662
892312
892534
893130
893992
894065
895201
895393
895946
896000
896963
898003
898724
899540
900881
901672
902508
903198
904448
904901
905582
905946
906706
906858
908202
908356
909320
910513
914199
915504
915888
916022
916154
916319
917295
917715
917852
918232
919311
920048
920195
920261
920332
921831
922040
922199
922357
922882
923528
924341
924388
924535
924867
926016
926139
926892
928819
929704
930229
930368
931071
931673
932197
933243
933273
934128
934185
934282
934644
934998
935757
936162
936306
936469
937217
937377
938147
938396
938695
939018
939390
939577
940173
942080
942266
943025
946494
946497
946707
946738
947849
948747
948748
949067
949284
949348
949799
951621
952374
952478
952512
952606
953206
953487
953610
955191
955543
957536
957917
958352
958497
959617
959634
959722
961738
962707
963840
964446
964836
965679
966233
966387
966466
966712
966995
967068
967371
968085
969020
969231
969248
970483
971005
971082
972700
973868
974688
974697
974744
974927
975488
976306
976548
976822
976825
976848
977774
977942
977945
978465
979092
979118
980120
982009
982452
983324
983825
984191
985105
985665
985670
985742
985746
986445
987087
987617
988125
988523
988756
989760
991082
991182
992319
992659
992726
993125
994250
994363
994537
995526
995955
996189
996409
996733
997100
997111
997114
997295
998230
999990
1000043
1001264
1002519
1002669
1002880
1002893
1003000
1003423
1003594
1003758
1004960
1005675
1005851
1006278
1006500
1006918
1007092
1007931
1008094
1008419
1008910
1009462
1009829
1010760
1010875
1011078
1011128
1011279
1011707
1012440
1012850
1012939
1014614
1014697
1015163
1015633
1015779
1016701
1016856
1016864
1017615
1018240
1018849
1019187
1019365
1020063
1020261
1022509
1022631
1023846
1023895
1024111
1024971
1025188
1025377
1025809
1025895
1026475
1026673
1026725
1027431
1027888
1028366
1028410
1028907
1029528
1029781
1030241
1030416
1030758
1031077
1031870
1032406
1033453
1033717
1034086
1034388
1034842
1034869
1035009
1035564
1036808
1036891
1037311
1037904
1038984
1039592
1039680
1039932
1040099
1040137
1040477
1040762
1041501
1041611
1042666
1043512
1043958
1043988
1044664
1045017
1045144
1045377
1045994
1046270
1046435
1046519
1047078
1047971
1048411
1050094
1051003
1051179
1051989
1052397
1052459
1052833
1053845
1054853
1055061
1055438
1057274
1058320
1058322
1058373
1059470
1059934
1060558
1060673
1060826
1061412
1061571
1062270
1062943
1062965
1063008
1064112
1064435
1064901
1064916
1065530
1066332
1067894
1069063
1070547
1071635
1071980
1072482
1072968
1073125
1073948
1074312
1074465
1075278
1075777
1076393
1076436
1076602
1076811
1076927
1076980
1078152
1079418
1079428
1079810
1080065
1080410
1081456
1082178
1082802
1083291
1083409
1083518
1083563
1083591
1084127
1084995
1085029
1085139
1085579
1086501
1086694
1086703
1087988
1088286
1088398
1088484
1089579
1091186
1091574
1091835
1091980
1092048
1093188
1093589
1093934
1094131
1095108
1095423
1095454
1096209
1097053
1098136
1098403
1099398
1099558
1099779
1100639
1101287
1101712
1102093
1102170
1102563
1102711
1103553
1106068
1106161
1106171
1106891
1107089
1107341
1107366
1108064
1108173
1109356
1109489
1109599
1109687
1110877
1111073
1111242
1111294
1112084
1112180
1112495
1112606
1116046
1117007
1117134
1118853
1119348
1119417
1119526
1119553
1119920
1120204
1120706
1121234
1121271
1121500
1121507
1122325
1122535
1122660
1123309
1123425
1123553
1123752
1124309
1124552
1125053
1125645
1125950
1127752
1129277
1131000
1131548
1132393
1132473
1132704
1134187
1135230
1135511
1135663
1135753
1136591
1137212
1137482
1138846
1139346
1139357
1140255
1142038
1143395
1144388
1144424
1144723
1145191
1145196
1146106
1146576
1147250
1147313
1147656
1148091
1148202
1149133
1150482
1150888
1151489
1151968
1152182
1152600
1152736
1153608
1155399
1156515
1157263
1158149
1158805
1158833
1159159
1159693
1159861
1160764
1161024
1161241
1161678
1162051
1162507
1162550
1162727
1163093
1164346
1164533
1165047
1166224
1166592
1167331
1168394
1168736
1169132
1169141
1169381
1169390
1169492
1170797
1171930
1172437
1173590
1173613
1173768
1175712
1176848
1176880
1177033
1177275
1177659
1177795
1178082
1178192
1179833
1180092
1180329
1182112
1183152
1184269
1184304
1186233
1186315
1186353
1186375
1186766
1187092
1187372
1187465
1187979
1188460
1189564
1189811
1190301
1190443
1190482
1191285
1191462
1191786
1192443
1194091
1194281
1194597
1194663
1197466
1197726
1197780
1200399
1200769
1200870
1204088
1207042
1207715
1209576
1210146
1210162
1210476
1210542
1210743
1210939
1210941
1212605
1212724
1212799
1213086
1213811
1213906
1213963
1214251
1214276
1215774
1215958
1216856
1216859
1217277
1219095
1220767
1221000
1221927
1222437
1222945
1223584
1224179
1225271
1225605
1226198
1226499
1229303
1229332
1229722
1230120
1231005
1231389
1231511
1233028
1233214
1233897
1234059
1234533
1236228
1237082
1238630
1239009
1239120
1239590
1239833
1239956
1240769
1241053
1241628
1242202
1242686
1243318
1243417
1243961
1244556
1244795
1244810
1245281
1247213
1248268
1248723
1249097
1249959
1250111
1252333
1253975
1254385
1254644
1254675
1254801
1255194
1255327
1255435
1256566
1258400
1258968
1259357
1259765
1259822
1260048
1261027
1261254
1262140
1262745
1264009
1264924
1266099
1266448
1266754
1267498
1269955
1271087
1271504
1271756
1272169
1273711
1274098
1275391
1275544
1275570
1276526
1277794
1277801
1278256
1278432
1278591
1279147
1279202
1280824
1280904
1281108
1281227
1281300
1281403
1282980
1283857
1284353
1284795
1286164
1287166
1287646
1287876
1287939
1288271
1291163
1291857
1292015
1296426
1296826
1298328
1300041
1300064
1300607
1301029
1301067
1301427
1302229
1302351
1303155
1304171
1304502
1304578
1304871
1305841
1306416
1306766
1307436
1309129
1309444
1310413
1310576
1313052
1313222
1314555
1314600
1315187
1317022
1317902
1318581
1321175
1321394
1321436
1323496
1323577
1323820
1323888
1324533
1325438
1326455
1326763
1327192
1330954
1331371
1333114
1333650
1334108
1334497
1335784
1336701
1336785
1337013
1338076
1338148
1338158
1339070
1339303
1339338
1340997
1342491
1344692
1344752
1346244
1346480
1346668
1347867
1347879
1349653
1352202
1352985
1354851
1355247
1355483
1355947
1357552
1358997
1359423
1360009
1360615
1361501
1361932
1362304
1362388
1362720
1363149
1363685
1364366
1365107
1370190
1370273
1371757
1372409
1372450
1372672
1373618
1374320
1375354
1375639
1377000
1377790
1379001
1380432
1380784
1380885
1381716
1383000
1383140
1386572
1388859
1392097
1394628
1395714
1396591
1396998
1397673
1399694
1401346
1402229
1402326
1402908
1403000
1403333
1403371
1403508
1404114
1404327
1404658
1405798
1406065
1406128
1406730
1408547
1409939
1410105
1410436
1410576
1411683
1413515
1415765
1418239
1420943
1421465
1421765
1423282
1423761
1424399
1425362
1426163
1429134
1430288
1432410
1432469
1433886
1433897
1434067
1437323
1437976
1438214
1439070
1441642
1442207
1442859
1443432
1445029
1446465
1447524
1448138
1450156
1452284
1452935
1454323
1455726
1456176
1456725
1457040
1457214
1459783
1461990
1464873
1467903
1468046
1468208
1469019
1469440
1470858
1473696
1475385
1475513
1475598
1477062
1478401
1478720
1479578
1479616
1481591
1483958
1484962
1485340
1485610
1485788
1486084
1487609
1487972
1488535
1493462
1494318
1494696
1495861
1496287
1497389
1503608
1504153
1505049
1505856
1506056
1506536
1506805
1507582
1509058
1509543
1510716
1510730
1512510
1514585
1516980
1517294
1517358
1517598
1517812
1518461
1518822
1519329
1520040
1521473
1522132
1522417
1523444
1524073
1524424
1526208
1526820
1528721
1530195
1530822
1532036
1533978
1536072
1536096
1537511
1538204
1538886
1540550
1542710
1543258
1543597
1544080
1544301
1544941
1548319
1552999
1553516
1553620
1553630
1555235
1557125
1558412
1560104
1562848
1565368
1568411
1568641
1569600
1569865
1571979
1573495
1574535
1585153
1586880
1587349
1588479
1588970
1590528
1590649
1591133
1591163
1594142
1594824
1599755
1599764
1602215
1602841
1604408
1605926
1607961
1612873
1615785
1616468
1616502
1619209
1624677
1624911
1625013
1625031
1627398
1627981
1631014
1638521
1639568
1642281
1651088
1656064
1659578
1660217
1661043
1666886
1668723
1669845
1670554
1675084
1686654
1694569
1695254
1701201
1702545
1704055
1705032
1706048
1713705
1727936
1731431
1731513
1737188
1738094
1741687
1744853
1744875
1745406
1749107
1761795
1762073
1762481
1764191
1768997
1771058
1775615
1779307
1781405
1786120
1786642
1787823
1792390
1794009
1798627
1801605
1802137
1820383
1821441
1830544
1833544
1836716
1837694
1841550
1843825
1845139
1848085
1849733
1864652
1866534
1867860
1872220
1879215
1890525
1895596
1899904
1902970
1907061
1914330
1914435
1918229
1941507
1958071
1959270
1962312
1969363
1970394
1973424
1980571
1982648
1983365
1987624
1990354
1990403
1997642
2002732
2004457
2008781
2038391
2044857
2067254
2075340
2087207
2095666
2098047
2108276
2108304
2115580
2119577
2121291
2122274
2125778
2137145
2137321
2140082
2141638
2151150
2152605
2163392
2171024
2224020
2233153
2236487
2245459
2245788
2251402
2258229
2267286
2276605
2310126
2316698
2325778
2340453
2348145
2373803
2374750
2377223
2378991
2382248
2431511
2441036
2441339
2442784
2443862
2457332
2457519
2468799
2522726
2558407
2573540
2582160
2659819
2669898
2702249
2709883
2711549
2714556
2718252
2722538
2766036
2792699
2810784
2835194
2846342
2887501
2929945
2979088
2996763
3007008
3059385
3114093
3263773
3390307
3396206
3489268
3562659
5621472
10109985
