622753 2198
646070 2279
653815 1806
657482 2039
658462 2094
659613 1867
661003 1869
663573 1921
670085 2013
673652 1979
681578 1810
685759 1908
688052 1788
691253 2012
693505 2015
693700 1795
694671 1720
694875 1536
696690 1531
698089 1779
702118 1888
703102 1598
703241 1800
705750 1730
709311 1560
709834 1806
711847 1787
711869 1663
712588 1808
718042 1677
720776 1854
724094 1606
727530 1867
728942 1794
732185 1722
733138 1639
735505 1760
736095 1813
736606 1647
737341 1730
740585 1823
742184 1687
743573 1716
744312 1791
744963 1478
747516 1679
748293 1890
750654 1443
753768 1671
753877 1606
754311 1620
757674 1516
758220 1382
758422 1500
758475 1730
761785 1657
762740 1304
764142 1586
764378 1460
765319 1703
765534 1809
766163 1526
767705 1638
768255 1601
769120 1609
769915 1780
771445 1500
771497 1595
771931 1706
772183 1483
772597 1870
773168 1564
774135 1567
774481 1406
774485 1560
774838 1353
775434 1816
775802 1610
776699 1651
777621 1700
778382 1341
778803 1444
779691 1545
779858 1555
780073 1481
780619 1455
780692 1581
780931 1483
782722 1490
782726 1357
783691 1420
784316 1593
784529 1608
785166 1425
785847 1560
786467 1696
788502 1308
789447 1391
789773 1509
790999 1558
791577 1622
792079 1571
793538 1614
794398 1619
794758 1670
794838 1447
795073 1425
796149 1624
796237 1456
797773 1649
799685 1340
799763 1358
800498 1439
802024 1652
802737 1481
803538 1640
803918 1733
803930 1449
805513 1489
805800 1247
806052 1423
806583 1417
807945 1451
808544 1430
809121 1523
809193 1551
809523 1439
809535 1675
810122 1480
810350 1464
810569 1389
811140 1425
811163 891
811290 1501
811387 1232
811799 1559
812347 1459
813020 1487
814423 1589
814921 1600
816682 1583
818181 1286
818695 1357
818795 1439
819950 1471
820344 1459
820946 1404
821781 1452
821962 1279
822694 1574
824033 1356
824103 1481
825018 1539
828298 1452
828806 1732
829663 1540
830023 1271
830210 1766
830349 1507
831302 1346
832591 1595
832727 1393
833161 1593
834394 1558
834685 1248
835976 1421
836797 1604
837952 1473
839047 1304
840803 1540
840973 1417
841270 1452
841364 1543
843195 1633
845145 1576
845468 1592
845603 1401
846232 1404
848115 1540
848196 1443
851486 1462
851998 1294
852530 1498
852980 1638
853264 1574
853279 1424
855734 1429
855996 1418
856174 891
856603 1456
857263 1649
857607 1490
858967 1503
859194 1509
859625 1514
860783 1350
862769 1093
863020 1442
863072 1446
863250 1266
864854 1370
865510 1610
866109 1584
866694 1379
867070 1409
867113 1332
869144 1430
869559 1435
870180 1188
871030 1506
871272 1587
871308 1403
871788 1328
875570 1336
877616 1365
878472 1388
878519 1338
879892 1514
880507 1253
881229 1268
882267 1274
882577 1357
882649 1292
884577 1416
884867 1219
885570 1055
885928 1582
886171 1454
887612 1333
888023 1392
888904 1418
891005 1098
891662 1355
892312 1052
892534 1305
893130 1395
893992 1467
895201 1306
895946 1400
896000 1328
896333 1376
898003 1470
898724 1348
900881 1448
903198 1315
904448 1417
904846 1390
904901 1448
905582 1280
908079 1335
908202 1382
909320 1465
914199 1303
916022 1342
916282 1302
916549 1400
917295 1486
918232 1148
918526 1427
919939 1565
920048 1262
920261 1270
922040 1255
922199 1410
922882 1330
923528 1326
924231 1539
924388 1419
924535 1166
926016 1300
928819 1430
930229 1260
931103 1191
931673 1314
934128 1389
934644 1595
934998 1243
935469 1466
935757 942
936162 1343
936306 1365
937217 1404
938147 1397
938266 1393
939390 1259
942266 1205
943025 1202
946494 1108
946497 1181
947937 1219
948747 1278
949067 1163
949284 1447
949317 1326
949348 1345
949799 1263
951621 1293
952374 1321
952512 1266
952550 1455
952606 1203
953610 1297
955191 1111
955543 1314
957365 1393
957536 1221
957933 1310
959617 1141
959722 1104
961738 1217
962707 1242
965679 1406
966233 1155
966387 1286
966413 1340
966466 1239
966995 1388
967068 1178
969499 998
970483 1159
974688 1199
974744 1207
975063 1363
975488 1345
976548 1079
976848 1311
977774 1063
977942 1305
978151 1362
979092 1270
979118 1215
980120 1222
982009 1336
982452 1237
983324 1232
983922 1218
984191 1117
985670 1458
985742 1217
985746 1400
986445 1403
987087 1373
988125 1303
988756 1352
992726 1317
994250 1342
994363 1165
994537 1211
995955 1323
996189 1263
996409 1495
996843 1313
997100 1244
997111 993
997114 1222
997295 1265
998102 1164
998230 1422
999990 1159
1002893 1130
1003000 1230
1003423 1256
1004960 1104
1005675 954
1007092 1031
1007775 1023
1007931 1242
1008419 1345
1010760 1232
1010875 1232
1011078 1251
1011279 1085
1012850 1194
1013452 1245
1015633 1192
1015779 1126
1016856 1025
1017443 1114
1017615 1406
1018849 1241
1019187 1036
1023895 1094
1026475 1339
1028410 1259
1029528 1160
1030416 1235
1030758 1126
1033453 1129
1033717 1190
1034388 1317
1034842 1362
1035564 1165
1036808 1114
1038188 1134
1039592 1353
1039932 1313
1040099 1228
1040137 1350
1040477 1226
1040762 1257
1041611 1200
1043512 1232
1044664 1269
1045994 1080
1046435 839
1047078 1306
1049761 1201
1050094 1461
1051003 1158
1051179 1084
1052397 1257
1052459 1133
1052833 1155
1054815 1247
1054853 1275
1057274 1011
1057788 1236
1059470 1123
1060998 1075
1061571 1258
1062270 1152
1064435 1253
1064901 1216
1065530 1217
1066332 1124
1066586 1218
1066945 1018
1072482 1233
1073125 1229
1073948 1235
1074312 1217
1075777 967
1076393 1045
1076927 1348
1076980 1240
1079810 1147
1080410 1143
1081881 1258
1083409 1181
1083563 1111
1083591 1228
1084127 1263
1084995 936
1085139 1257
1087988 1389
1088398 1367
1088974 1178
1089579 1304
1090835 1123
1091574 1058
1091835 1214
1092048 1126
1095423 1200
1095685 1329
1096209 1325
1097053 1208
1098136 1081
1099558 1259
1101712 1199
1102093 1141
1102563 1185
1103553 1250
1106068 1164
1106171 1140
1106378 1177
1107089 1140
1108064 1238
1108173 1198
1111242 1057
1112084 1244
1112180 1104
1112495 1200
1112606 985
1116046 1288
1118853 1031
1119417 1143
1119748 1338
1120204 970
1120706 1022
1121500 1216
1122660 1216
1123309 1209
1123425 1201
1123553 1212
1132473 1302
1132704 1120
1133070 1168
1134187 1003
1134188 863
1140255 1213
1143395 1149
1144388 1157
1146576 1083
1147028 1268
1148091 1170
1150482 1162
1150888 1043
1151489 1135
1152182 1024
1156515 1206
1158833 1268
1159693 1314
1161678 1146
1162051 1124
1163093 1191
1165047 1098
1165589 1268
1166592 986
1167331 1150
1168394 1144
1168736 990
1169141 1139
1169381 1074
1169492 1099
1170797 1148
1171174 1107
1171807 1152
1173613 1141
1175712 1145
1176848 1114
1177056 1130
1178192 1054
1180092 1105
1182112 959
1183152 1235
1184269 1367
1184304 1133
1186353 1178
1187372 926
1187979 977
1190482 1075
1192443 1166
1193835 1118
1194597 1211
1197466 1057
1197726 753
1197780 1244
1200399 1091
1200769 1157
1200870 1338
1207715 1346
1210476 961
1210743 763
1210941 1030
1212605 1165
1212724 1214
1213086 981
1213963 1140
1214251 1054
1216856 1142
1216859 1011
1222437 1146
1222945 1170
1225605 1024
1226094 1100
1230120 1034
1231389 1096
1231511 975
1233028 1220
1236228 1033
1237082 1145
1239009 1109
1239833 1091
1241053 1173
1241628 1233
1242202 1188
1242686 1115
1248268 1051
1249959 980
1258968 1126
1259822 967
1260048 1064
1261254 1027
1261948 1182
1266099 1170
1271087 969
1272169 1193
1273711 1111
1274769 1179
1275391 1117
1275570 937
1277801 1057
1278256 1153
1278423 973
1279202 952
1281227 874
1281403 1175
1284353 1151
1287876 1182
1292696 1176
1295558 873
1296826 1005
1298373 941
1301067 1093
1301427 1066
1302351 1062
1304171 1020
1304578 1014
1304871 901
1314555 1082
1317022 944
1318581 811
1320146 931
1323820 1006
1324533 1271
1325438 958
1335784 1262
1336785 1107
1337013 1178
1338076 918
1339070 951
1340997 1167
1345973 1135
1346668 1051
1347867 1109
1349653 934
1358997 1163
1360615 1088
1361932 1115
1363685 1056
1364366 1118
1370190 1190
1371757 1049
1372672 1120
1373618 1010
1375639 878
1376747 983
1377000 1055
1377790 1019
1380885 1207
1383140 1177
1402326 637
1403371 1039
1404327 1000
1406128 1012
1415183 1019
1418644 986
1420718 1203
1421465 978
1423761 998
1439070 935
1441642 1027
1442859 1351
1454323 1031
1459783 1075
1467903 1162
1468208 1057
1469019 1157
1477062 1186
1478401 1031
1485788 1127
1494696 941
1505049 965
1506056 1006
1510730 972
1512510 1018
1518461 985
1524073 1013
1533978 1031
1585153 805
1586880 1031
1590649 863
1599755 892
1599764 986
1607961 1050
1615785 1010
1619209 992
1624911 1026
1627398 1030
1638521 955
1666886 912
1706048 1077
1737188 1122
1741687 889
1786120 871
1786642 949
1849733 987
1892372 906
1983365 915
