371
386
392
393
395
402
403
420
422
423
424
425
431
432
440
444
444
447
448
456
470
476
476
484
487
493
495
495
495
497
497
498
500
500
501
501
502
503
503
505
506
509
510
511
512
514
515
526
528
529
529
532
533
533
535
538
539
539
539
541
541
543
544
544
545
545
547
548
549
549
550
551
552
554
555
557
558
558
559
559
560
560
563
563
564
567
567
568
568
568
569
569
570
572
575
575
576
578
579
580
580
582
582
582
583
584
585
586
586
589
590
592
592
593
593
595
598
601
603
604
604
605
607
607
607
609
612
613
613
614
616
616
617
618
619
620
621
623
626
626
626
627
628
629
630
631
631
632
633
633
633
634
634
636
636
636
636
637
637
637
638
638
638
639
640
641
642
642
642
643
644
645
646
646
647
647
649
651
651
652
653
655
655
655
656
659
660
660
661
661
661
661
662
662
663
663
664
665
665
666
667
668
668
668
668
670
670
672
672
672
672
673
674
675
675
675
675
676
676
677
677
678
678
679
679
680
680
680
681
681
681
682
682
683
683
684
684
685
686
686
686
686
687
691
691
691
691
691
691
693
693
694
695
696
696
698
699
700
700
700
701
701
701
702
702
702
702
703
704
704
704
704
704
704
706
707
707
707
708
708
709
709
710
711
711
711
712
713
713
714
714
714
714
714
715
715
716
717
717
718
718
718
718
718
720
720
722
722
722
722
724
725
725
726
726
726
726
727
727
727
727
727
727
728
728
728
729
731
732
733
733
733
733
734
734
734
734
734
734
735
736
736
737
737
738
739
739
739
739
739
740
740
740
740
740
740
740
741
742
742
743
743
743
743
744
744
745
745
745
745
746
747
747
747
747
748
748
748
749
749
750
751
752
752
753
753
754
755
756
757
757
757
757
759
760
760
760
760
760
760
762
762
762
762
762
763
763
763
763
764
764
765
766
766
767
767
768
768
768
768
769
769
769
770
770
770
771
771
771
771
771
773
773
774
774
774
775
775
775
775
776
777
777
777
777
777
777
777
778
779
779
779
779
780
781
781
781
781
782
782
783
783
783
784
784
784
784
784
785
785
786
786
786
786
786
786
787
787
788
788
789
789
789
790
790
790
790
790
790
791
791
791
791
792
792
793
793
794
795
795
795
795
795
797
797
798
798
799
800
800
800
801
801
802
804
804
804
805
805
805
805
805
805
805
806
806
806
806
806
806
806
806
807
807
807
807
807
808
808
808
808
809
809
810
810
810
810
811
811
811
811
811
814
814
814
815
815
815
815
817
817
817
817
817
817
818
818
818
818
818
819
819
819
819
820
820
820
820
820
821
821
821
822
824
824
824
825
825
826
826
826
826
827
827
828
828
828
828
829
830
830
830
832
832
833
833
834
835
835
835
835
836
836
836
836
836
836
836
837
837
837
837
837
838
838
838
839
839
839
839
840
840
840
840
840
841
841
841
841
842
842
843
843
843
843
843
844
844
844
845
845
845
845
845
846
847
847
847
847
848
848
848
849
849
849
849
849
849
849
850
850
851
851
852
852
852
853
853
854
854
855
855
855
855
855
856
856
856
856
857
857
857
858
859
859
860
860
860
860
860
860
861
861
862
862
862
863
863
863
863
863
863
863
864
864
864
864
864
866
866
867
867
868
868
868
868
868
869
870
870
870
870
870
871
871
871
871
872
873
873
873
873
874
874
874
874
874
874
874
875
875
875
876
876
876
876
877
877
877
877
878
878
878
878
879
879
879
879
880
880
880
880
881
881
882
883
883
883
884
884
884
884
886
886
887
888
888
888
888
888
889
889
889
889
890
890
890
891
891
891
891
891
891
892
892
892
892
892
892
893
893
894
894
895
895
895
895
896
896
896
897
898
898
898
898
898
901
901
901
901
901
902
902
902
902
903
903
904
904
904
904
904
905
905
905
905
905
905
906
906
906
906
907
907
908
908
908
908
908
908
909
909
909
910
910
910
910
910
911
911
911
911
911
911
912
912
912
912
912
913
913
914
915
915
915
915
916
916
916
916
916
917
917
917
917
917
917
918
918
918
918
918
918
919
919
919
919
919
920
920
920
920
920
920
921
921
922
922
922
923
923
924
924
925
925
926
926
926
926
926
927
928
928
929
929
929
929
930
930
930
930
931
931
931
931
932
932
933
933
933
933
934
934
934
934
934
935
935
936
936
936
936
936
937
937
937
938
938
938
938
938
939
939
940
941
941
941
941
941
941
942
942
942
943
943
943
944
944
944
944
944
945
945
945
946
946
947
947
948
949
949
949
950
950
950
950
951
951
952
952
952
952
952
953
953
954
954
954
954
954
954
955
955
955
955
956
956
957
957
958
959
959
959
959
959
959
960
960
960
960
961
961
962
963
963
963
963
964
964
965
965
965
965
965
966
966
967
967
967
967
967
968
968
968
969
969
969
969
970
970
970
970
971
972
972
972
972
973
973
973
974
975
975
975
975
975
975
975
976
976
976
976
976
977
977
977
977
978
978
978
978
979
980
980
980
980
981
983
983
985
985
985
985
985
985
986
986
986
986
987
987
987
987
987
988
988
988
988
988
989
990
990
990
991
991
991
992
992
993
994
995
995
995
995
996
996
996
997
998
998
998
998
998
998
998
999
999
999
999
1000
1000
1001
1001
1002
1002
1002
1002
1002
1003
1003
1003
1003
1003
1004
1004
1004
1004
1005
1005
1005
1005
1005
1006
1006
1006
1006
1007
1007
1008
1009
1010
1010
1010
1010
1011
1011
1011
1012
1012
1012
1013
1013
1013
1013
1013
1014
1014
1014
1014
1014
1014
1014
1015
1015
1015
1015
1016
1016
1017
1017
1018
1018
1018
1018
1019
1019
1019
1019
1019
1020
1020
1020
1021
1021
1021
1021
1022
1023
1023
1023
1023
1024
1024
1024
1025
1025
1025
1026
1026
1026
1027
1027
1027
1028
1029
1029
1029
1029
1029
1030
1030
1030
1030
1031
1031
1031
1031
1031
1031
1031
1031
1032
1032
1033
1033
1033
1033
1033
1033
1034
1034
1034
1036
1036
1036
1036
1036
1036
1037
1037
1037
1037
1037
1038
1039
1039
1039
1039
1040
1040
1041
1041
1042
1042
1043
1043
1043
1044
1044
1045
1045
1045
1045
1046
1046
1047
1047
1047
1047
1047
1048
1048
1048
1048
1049
1049
1049
1050
1050
1051
1051
1051
1051
1051
1051
1051
1052
1052
1052
1053
1053
1053
1054
1054
1054
1054
1054
1055
1055
1055
1055
1056
1056
1057
1057
1057
1057
1057
1057
1058
1058
1059
1060
1060
1060
1060
1061
1061
1061
1061
1062
1062
1062
1062
1062
1063
1063
1064
1064
1064
1065
1065
1066
1066
1066
1067
1068
1068
1068
1068
1069
1070
1070
1070
1070
1072
1072
1072
1073
1074
1074
1074
1075
1075
1075
1075
1076
1076
1076
1076
1077
1077
1078
1078
1078
1079
1080
1081
1082
1083
1083
1083
1083
1083
1084
1084
1084
1085
1085
1087
1088
1088
1088
1090
1091
1091
1091
1091
1091
1092
1093
1093
1093
1093
1094
1095
1095
1096
1096
1096
1097
1097
1098
1098
1098
1098
1098
1099
1099
1099
1099
1099
1100
1100
1100
1102
1103
1103
1103
1103
1104
1104
1104
1104
1105
1105
1105
1107
1107
1107
1108
1108
1109
1109
1109
1109
1109
1111
1111
1111
1112
1112
1112
1114
1114
1114
1115
1115
1115
1115
1117
1117
1117
1117
1118
1118
1118
1118
1118
1120
1120
1120
1121
1121
1121
1122
1122
1123
1123
1123
1123
1123
1124
1124
1124
1124
1125
1126
1126
1126
1126
1126
1127
1127
1128
1128
1129
1129
1129
1129
1130
1130
1130
1130
1131
1132
1133
1133
1133
1134
1134
1135
1135
1135
1135
1135
1135
1136
1136
1136
1137
1137
1137
1137
1138
1138
1138
1139
1139
1140
1140
1140
1141
1141
1141
1142
1142
1143
1143
1143
1143
1144
1144
1145
1145
1145
1145
1146
1146
1146
1147
1148
1148
1148
1148
1148
1149
1149
1149
1150
1150
1151
1152
1152
1152
1152
1152
1152
1153
1154
1155
1155
1155
1155
1157
1157
1157
1157
1157
1157
1158
1159
1159
1160
1160
1160
1161
1162
1162
1163
1163
1163
1164
1164
1164
1165
1165
1165
1165
1165
1165
1166
1166
1167
1168
1168
1168
1169
1169
1170
1170
1170
1170
1170
1170
1172
1173
1173
1174
1175
1175
1175
1176
1176
1177
1177
1178
1178
1178
1178
1179
1179
1179
1181
1181
1181
1182
1182
1182
1182
1184
1185
1185
1186
1186
1188
1188
1189
1189
1190
1190
1191
1191
1191
1192
1193
1193
1194
1194
1195
1195
1198
1199
1199
1200
1200
1200
1200
1200
1200
1200
1200
1201
1201
1202
1202
1202
1203
1203
1204
1204
1205
1206
1206
1207
1207
1207
1208
1208
1209
1209
1210
1211
1211
1212
1212
1213
1214
1214
1214
1215
1215
1215
1215
1216
1216
1216
1217
1217
1217
1217
1218
1219
1219
1219
1220
1220
1221
1221
1222
1222
1222
1223
1224
1226
1226
1228
1228
1228
1229
1229
1230
1230
1231
1231
1232
1232
1232
1232
1232
1233
1233
1233
1233
1234
1235
1235
1235
1235
1236
1236
1237
1237
1237
1238
1239
1239
1239
1239
1240
1240
1241
1242
1242
1242
1242
1243
1244
1244
1244
1244
1244
1244
1247
1247
1247
1248
1248
1248
1248
1249
1249
1250
1250
1251
1251
1252
1253
1253
1254
1254
1255
1255
1255
1256
1256
1257
1257
1257
1258
1258
1259
1259
1259
1259
1259
1259
1260
1261
1262
1262
1262
1263
1263
1263
1265
1266
1266
1266
1266
1267
1267
1268
1268
1268
1268
1268
1268
1269
1269
1270
1270
1271
1271
1271
1272
1274
1275
1276
1278
1278
1278
1279
1280
1280
1280
1282
1282
1283
1284
1285
1285
1285
1286
1286
1286
1287
1288
1291
1292
1292
1293
1293
1294
1296
1297
1300
1300
1300
1301
1302
1302
1303
1303
1303
1303
1304
1304
1304
1304
1305
1305
1305
1306
1306
1307
1308
1308
1309
1310
1310
1311
1312
1312
1313
1313
1314
1314
1314
1314
1314
1315
1317
1317
1318
1319
1319
1319
1320
1321
1322
1322
1323
1325
1325
1326
1326
1328
1328
1328
1329
1330
1331
1331
1331
1332
1333
1333
1333
1333
1335
1336
1336
1336
1337
1338
1338
1338
1339
1340
1340
1341
1342
1342
1343
1345
1345
1345
1346
1346
1347
1347
1348
1348
1350
1350
1350
1350
1350
1351
1352
1352
1353
1353
1354
1355
1355
1356
1357
1357
1357
1358
1359
1362
1362
1362
1363
1363
1364
1365
1365
1367
1367
1370
1371
1372
1373
1373
1375
1376
1377
1379
1382
1382
1384
1388
1388
1389
1389
1389
1390
1391
1392
1393
1393
1395
1397
1397
1397
1399
1399
1400
1400
1400
1400
1401
1401
1403
1403
1403
1404
1404
1404
1404
1406
1406
1406
1409
1410
1413
1416
1416
1417
1417
1417
1418
1418
1418
1419
1420
1421
1421
1422
1422
1423
1423
1424
1425
1425
1425
1425
1427
1429
1429
1430
1430
1430
1432
1434
1435
1438
1439
1439
1439
1439
1440
1440
1442
1443
1443
1443
1444
1446
1447
1447
1448
1448
1448
1449
1451
1452
1452
1454
1455
1455
1456
1456
1457
1458
1458
1458
1459
1459
1460
1461
1462
1464
1464
1465
1466
1467
1468
1470
1471
1473
1478
1480
1481
1481
1481
1483
1483
1486
1486
1487
1490
1490
1493
1495
1495
1498
1498
1499
1500
1500
1501
1503
1506
1507
1509
1509
1514
1514
1516
1523
1526
1531
1532
1536
1539
1540
1540
1540
1543
1545
1551
1555
1558
1558
1559
1560
1564
1565
1567
1571
1574
1574
1576
1580
1581
1582
1583
1584
1586
1587
1589
1592
1593
1593
1595
1595
1595
1600
1601
1604
1606
1606
1608
1609
1610
1610
1614
1619
1620
1622
1624
1633
1633
1638
1638
1639
1640
1647
1649
1649
1651
1652
1657
1663
1670
1671
1675
1677
1679
1687
1696
1700
1703
1706
1716
1720
1722
1730
1730
1730
1732
1733
1760
1766
1780
1787
1788
1791
1794
1795
1800
1806
1806
1808
1808
1809
1810
1813
1816
1823
1854
1867
1867
1869
1870
1888
1890
1908
1921
1979
2010
2012
2013
2015
2094
2198
2279
