427728 1728
439725 2232
441075 1755
445692 1725
446823 1867
452048 1979
454078 2013
460024 1710
461595 1990
462280 1787
462613 2094
463279 1761
463426 2279
475630 1756
475695 2039
482739 1870
485092 1853
486427 1788
489709 1663
493112 1888
493794 1424
495325 1890
496276 1559
498820 1531
499208 1676
500679 1706
501378 1730
501725 1606
502092 2012
502808 1633
503602 1852
504498 1661
504739 1809
504807 1517
507563 1806
512977 1810
514702 1593
516207 1741
517649 1681
517901 1651
518344 1507
519135 1741
519610 1802
521171 1906
521535 1506
521587 1660
522828 1730
523033 1908
523054 1739
525554 1867
526306 1561
526564 1581
526792 1406
526887 1465
527799 1565
527806 1805
530186 1639
531649 1462
531659 1516
533622 1706
534829 1609
535047 1743
537364 1671
538057 1732
539012 1780
540549 1271
541262 1640
541365 1481
541451 1558
542542 1429
542837 1418
542988 1459
543078 1587
544341 1483
544642 1447
544864 1677
545110 1430
545266 1508
545544 1553
547914 1586
548418 1350
549304 1550
551250 1358
551911 1458
552492 1757
553014 1341
553241 1677
554191 1473
554388 1674
555818 1451
557334 1421
557389 1458
558133 891
558134 1372
558221 1571
558997 1615
559276 1444
559959 1336
560137 1396
560802 1768
561004 1444
561632 1682
561915 1425
562103 1662
562827 1614
565293 1338
565504 1700
565752 1816
566283 942
566294 1532
566712 1623
567221 1452
567511 1353
568236 1274
569573 1516
569769 1349
569863 1540
569976 1467
571038 1357
571107 1600
571855 1409
572024 1559
573183 1670
574116 1541
575096 1443
575141 1569
575557 1391
576087 1371
576171 1456
576194 1543
578619 1531
579989 1716
580161 1515
581000 1278
581142 1500
581153 1279
582186 1562
582895 1247
583094 1359
583278 1269
583982 1575
584337 1597
584579 1593
584649 1638
584866 1649
585286 1430
586628 1560
586920 1514
587110 1624
587518 1367
588189 1652
589508 1340
589953 1481
590162 1342
590486 1377
590631 1493
590752 1310
591089 1455
591633 1332
592861 1188
593143 1320
593250 1647
593698 1584
594227 1604
594694 1377
594855 1500
595113 1362
598361 1126
599909 1595
600687 1574
600925 1304
601314 1429
601526 1443
602020 1551
602814 1278
603017 1404
603339 1142
603788 1260
604873 1328
604975 1164
605092 1345
605143 1401
606766 1455
607525 1679
608645 1608
609179 1308
609475 1490
609626 1731
609686 1328
610416 1429
611670 1222
612341 1440
613361 1304
614304 1382
615017 1373
615672 1490
616449 1336
617204 1178
617278 1545
617743 1468
618149 1436
618866 1509
618966 1488
620420 1457
620477 1286
620898 1397
622123 1423
622449 1406
623006 1583
623071 1402
623120 1419
623201 1301
623298 1425
624677 1278
625061 1404
625261 1439
625489 1421
626069 1467
626660 1675
627288 1416
627369 1404
627501 1253
627685 1266
627791 1362
627807 1481
628209 1448
628874 1577
628961 1268
629323 1400
630039 1435
630116 977
630535 1321
630647 1638
630735 1439
630912 1314
630915 1522
632129 1415
632184 1311
632705 1468
632871 1509
633403 1248
633429 1595
633617 1610
633819 1355
633968 1428
634128 1410
634405 1333
635759 1141
636056 1155
636449 1117
637537 1417
638057 1464
638512 1416
638572 1380
638983 1582
639344 1302
640493 1148
640643 1364
641898 1370
644282 1462
644748 1400
644954 1470
645859 1505
645980 1423
646226 1222
646301 1264
646862 1390
647923 1356
648183 1202
648229 1152
648640 1293
648915 1164
649253 1345
649948 1194
650616 1382
650818 1280
651468 1459
653021 1511
653733 1346
654931 1211
655646 1766
655704 1486
656977 1425
657259 1060
658052 1079
658241 891
658710 1392
659294 1255
660324 1232
660656 1232
661082 1423
661135 1130
661354 1312
661487 1389
662909 1417
663027 1312
664281 1438
665388 1389
666185 1348
666621 1434
667308 1251
667978 1313
669526 1399
669927 1232
669954 1287
671129 1357
671267 1313
671526 1311
671690 1486
671786 1239
671957 1395
672239 1327
672662 1226
672747 1422
674871 1325
675069 1217
675117 1467
676407 1261
676444 1226
676550 1267
677402 1256
677780 1094
678081 1117
678108 1191
678223 1454
678558 1255
678655 1576
678816 1321
678977 1205
679268 1310
681448 1318
682205 1292
682556 1287
682658 1055
682680 1147
683353 1211
683917 1394
684301 1351
685746 1317
686306 1432
686813 1365
687284 1298
687291 1350
687596 1454
687766 1514
689426 1458
689569 1084
690654 1181
692162 1329
692864 1348
693443 1409
693588 1150
693643 1307
694304 1159
695014 1255
695016 1418
695382 1457
696066 1423
696767 1162
696898 1207
697026 1314
697119 1331
697577 1251
698873 1399
699483 1236
699577 1373
700502 1266
701028 1108
701192 1330
701807 1355
701808 1253
702445 1266
702704 1506
704138 1181
704510 1439
705468 1377
705605 1540
705793 1400
705816 1343
706672 1300
707218 1165
707439 1280
707774 1160
708359 1442
709097 925
709135 1314
710965 1313
710992 1400
711010 1292
711850 1222
712327 1235
712762 1044
712814 1073
713097 1464
713676 1263
713957 1176
714629 1199
715291 1283
715465 1322
715599 1104
715991 973
716223 1440
716745 1173
718628 1052
718782 1078
720303 1413
720689 1041
720818 1247
721000 1465
721049 1420
721311 1238
722093 1325
723123 1411
723289 1235
725534 1306
725900 1141
725987 1124
727241 1166
727608 1244
727977 1221
729245 1420
729266 1300
729612 1133
729788 1168
729797 1257
730539 1276
730680 1166
730704 1178
732116 1057
732236 1126
732573 1138
732975 1182
733028 1322
733077 985
733224 1354
733803 1352
734378 1224
734627 1075
734823 839
735127 1198
735574 1165
735958 1326
737030 1024
737279 1500
737901 1265
739103 1143
739138 987
740429 1178
740709 1216
740832 1262
740856 1141
741453 1253
742037 1158
742566 1388
743336 1362
743705 1155
743964 1447
744426 1081
745350 1201
746196 1314
746990 1303
748058 1124
748228 1291
748489 1422
748561 1238
748588 1363
748771 1232
749087 1152
749788 1165
749967 1304
750886 1432
751065 1008
751842 1263
751919 1280
753123 917
753791 1031
753838 1220
754064 1181
754310 936
754835 1270
754998 1036
755069 1389
755316 1091
755395 1188
755453 1263
756740 1170
757088 1168
757223 1200
758107 1388
758205 1259
759074 1134
759146 993
759428 1135
760206 1254
760751 1165
761688 1282
762297 1466
762557 1237
762559 1075
763646 1303
763818 1140
763902 1185
764366 1285
764637 1350
764766 1269
765546 1378
765717 1111
766046 1143
767375 1305
767592 1109
767971 1165
768385 1215
768850 1229
768909 1339
769183 1232
769720 1252
769722 1104
770161 1212
770900 1283
771090 1448
771410 1043
771439 1239
772749 1096
773066 1259
773264 1118
775077 1214
775492 1240
776097 1242
776416 1203
776673 1345
776698 1438
776767 1347
778574 1087
779257 1353
780113 1111
780395 1095
781265 1082
781806 1192
782682 1098
782882 1270
782973 1461
782984 963
783444 1323
784977 1232
786633 1157
786692 1230
787229 1337
788355 918
788654 1126
788850 1430
788867 1107
789951 1209
790154 1345
790962 954
791476 1143
791804 1079
792422 1350
792447 1250
792535 1259
792954 1275
792986 1190
793175 1123
793581 1115
794300 1192
794487 1040
795845 1229
796359 1338
796550 1117
797254 1204
797624 1262
798394 1309
798720 1011
799479 1221
799610 1034
800054 1097
800110 681
800244 1105
800334 1085
800683 1170
802033 1206
802070 1300
802343 998
802346 1099
802361 1030
802800 1124
803062 1212
804234 1331
804281 1202
804443 988
804457 1304
806823 1129
807321 1164
807355 1025
807614 1155
808380 1233
808883 1311
810163 1350
810307 1075
810475 1123
810744 1278
811138 1165
811820 1354
812042 1319
812136 1024
813417 1093
814356 1063
814375 1401
814753 1303
816308 990
817263 784
817274 1303
818544 1058
819009 1213
819085 1114
819228 1208
819526 1223
820084 1136
820434 1145
820529 1235
820746 936
820909 863
821079 956
821842 1123
823246 1286
823687 1288
823843 961
823980 1096
823982 1152
824041 1214
824126 1024
824136 1262
824465 1304
825014 1137
825453 1039
825593 1317
825686 1314
826115 1078
826196 1263
826303 954
826476 1191
826617 1105
827349 1025
827358 1201
827505 1041
827907 1179
828417 1250
828567 915
829357 1242
829955 1060
830526 1015
830539 1144
831672 1057
831879 1103
832119 1200
832202 1241
832397 1046
833225 1206
833455 753
834305 763
834396 1126
834775 1146
834880 1049
836192 1010
837200 1311
837593 1141
837664 1157
837714 1263
837789 1190
838005 1104
838085 1293
838145 1308
838394 1322
838832 1126
840274 905
840920 1091
841270 980
841304 1228
841354 1132
841871 1208
841961 1083
842180 1096
843128 936
843268 1181
843584 1068
843636 998
843730 1184
844668 1118
844717 1272
844721 1259
845207 1054
845319 1303
846049 1157
846160 1149
846380 1216
846809 1099
846925 1276
847680 1397
849005 1142
849031 1045
849355 1200
849396 1051
849767 1193
849776 1240
850129 1055
850451 1173
850480 1425
851247 1135
851362 1244
853380 1008
854291 1233
854542 1186
855934 960
856098 1091
856511 1371
856878 1153
856935 810
857779 1117
858014 1268
858820 1121
859248 1352
859623 1202
861796 1145
862397 988
863615 1014
865239 1080
865661 1171
867333 1012
867739 1284
868057 1163
868515 1054
869216 951
869349 1083
869539 1220
871922 1367
872869 1312
873273 1152
873696 1271
874091 995
874776 1375
874807 1247
875582 1142
876090 1244
876516 1130
876804 1114
877971 1098
878392 1125
878957 1005
879726 1029
881396 1216
881409 1233
882060 1170
882146 959
882164 1244
883269 806
885699 1210
886480 1217
887306 1233
888006 1023
888325 1137
888354 1018
888737 1256
889734 835
890212 1091
890790 1211
890922 1112
891127 1062
891160 1257
891303 1219
891373 1034
891379 1068
891990 975
892954 992
893127 1115
893802 1135
894037 1144
894744 981
894870 1170
895065 784
895347 1076
896320 1145
896330 1033
898528 1186
898829 1028
898892 1052
899202 1104
899403 1011
899649 987
901119 1224
901578 901
903423 1148
903745 940
904716 1026
904984 1331
905094 1167
905237 1207
905286 1115
905493 1203
905739 1178
906111 1050
906305 988
907660 1045
907998 1282
908289 1403
910567 976
910598 944
912396 1207
912796 1055
912835 1055
914306 1305
914402 1064
914446 1047
914625 1003
914969 961
915100 1271
916624 800
917681 1120
917810 1204
918237 1193
918505 1215
919311 1346
920136 1249
921135 1051
921831 998
922334 1122
922585 1102
922766 927
923978 1200
924148 1319
924179 944
924724 1186
925150 1191
925169 1100
925267 1248
925826 1065
926098 1152
926846 926
926892 908
926955 1170
928370 973
928885 1163
930300 1125
930677 1075
930994 1268
932259 901
932499 1182
932963 1257
933243 880
933645 1319
934747 908
934886 1347
934948 952
936283 1132
936356 1214
936507 1351
937377 1268
940438 942
940671 958
940672 1149
940992 1056
941703 1060
941934 1037
942357 979
942416 1093
943650 1000
944356 1011
944441 1248
945483 1084
946707 1059
947927 983
947942 1041
951255 1133
952489 1112
952904 1047
953459 1285
954328 933
954786 1048
956030 912
956728 926
957238 886
957775 810
958479 1021
958500 1166
958589 1099
958787 1249
959414 1083
959483 1037
960143 977
960400 1152
960874 967
961424 1015
964819 1092
964861 935
964978 1027
965993 986
966644 811
967119 1162
968788 1215
968803 972
969095 1019
970182 1178
970446 986
970659 1012
971082 1072
971318 1133
971415 1336
971447 1188
971969 1139
972488 998
973420 1166
973565 902
973693 1215
974135 1067
974710 1006
976103 1135
976156 901
976210 1157
976452 1013
976462 861
978298 1195
978445 1072
978681 1088
979047 1042
980174 988
980231 1074
981520 934
981532 1099
982323 1296
984304 1030
985202 968
985657 1109
986173 1285
986276 1237
986663 1254
988011 1333
988203 951
989535 1039
991125 959
991627 975
991834 1109
991848 924
991916 959
992260 1149
993190 1231
993439 1236
994208 929
994235 1057
994275 1131
996515 1130
997033 873
998659 1100
998744 1090
999478 1121
1000921 1025
1000952 1051
1001443 1031
1002455 1194
1002858 999
1003048 937
1003216 890
1003443 863
1003662 1239
1003807 967
1004902 1136
1005357 986
1005544 1010
1005599 1172
1007898 1137
1008314 1019
1008582 959
1008774 1031
1009294 1075
1009705 806
1009829 913
1009937 895
1010151 902
1010240 952
1010998 931
1011707 1006
1012257 1120
1012761 1115
1012921 827
1012939 970
1013402 1239
1013612 964
1014461 1048
1014610 904
1017425 1033
1017553 1038
1018240 991
1018640 974
1020063 655
1020210 1048
1021024 1177
1022076 1138
1022190 1098
1022946 998
1024722 985
1025809 946
1026673 1200
1026917 1185
1027632 1142
1029872 1154
1030195 975
1030501 911
1031026 952
1031077 1189
1032639 1127
1033157 1029
1033814 1118
1034653 1031
1034869 888
1035042 1150
1035881 940
1035909 1248
1036444 1126
1037714 1107
1037937 1107
1038997 1002
1039887 953
1040070 661
1040133 1030
1041455 1259
1041839 1099
1042009 945
1042083 988
1044579 760
1045094 874
1045299 1107
1045766 1021
1047103 1031
1047579 1172
1049256 833
1049321 925
1053589 1084
1055061 1061
1056334 805
1057247 978
1057669 929
1058864 1168
1059934 1102
1060014 1051
1060099 1060
1060673 953
1061108 1103
1062772 1060
1063254 1046
1063367 1036
1065451 1006
1067228 1244
1068186 1146
1070547 1128
1071152 979
1071596 911
1071952 941
1073221 1135
1073658 1029
1074066 972
1075850 1021
1076132 1175
1077394 1157
1078060 1039
1080187 1182
1082967 999
1083259 985
1083668 1002
1083899 960
1084836 921
1085100 1134
1085315 833
1085797 1280
1086501 795
1088760 1074
1090025 826
1091013 1031
1091650 1054
1091910 967
1092143 1006
1094418 1195
1096347 926
1097071 934
1097266 919
1098145 1057
1098288 1024
1098383 1175
1099398 1124
1101052 971
1101723 979
1101842 975
1104640 1242
1104903 1031
1106212 971
1106891 552
1107008 932
1107663 1076
1109356 1040
1113549 919
1114915 1005
1115485 806
1116406 1123
1117134 960
1117277 1045
1119920 743
1119978 1200
1120141 1002
1121696 1234
1122463 1101
1123111 726
1123426 1017
1123752 1013
1123759 934
1124552 1005
1124713 1062
1126010 1047
1126430 1053
1128088 976
1128106 941
1129305 853
1132205 711
1133788 901
1136966 1077
1137212 1070
1141116 1051
1142858 879
1142998 957
1144901 968
1145344 970
1147101 1115
1154963 810
1155399 840
1156568 1026
1156759 914
1158192 1179
1158805 1239
1160705 1174
1161024 964
1163916 1014
1163919 932
1164571 763
1164793 760
1164893 938
1169219 1001
1169390 944
1170042 1084
1170622 1072
1172437 784
1177696 934
1181052 1027
1181271 1083
1181298 949
1181352 1014
1184248 895
1185358 1074
1186315 1169
1186344 1069
1187134 1160
1187382 980
1187529 1013
1188379 1202
1188472 786
1190655 992
1191148 1129
1191786 1017
1193565 943
1197925 728
1199201 777
1199758 963
1199942 1051
1200864 770
1201500 902
1203317 949
1204028 915
1204109 1135
1204409 892
1206842 1108
1208390 1068
1208397 908
1210027 818
1210754 1019
1212799 871
1213286 1148
1213487 1136
1216247 1026
1216429 1053
1217958 1037
1217988 779
1219095 1003
1220586 748
1221241 1043
1221901 830
1221927 884
1222083 996
1223165 1152
1223467 955
1223584 1015
1223870 805
1223955 1023
1224179 1083
1224927 877
1226198 965
1228154 1151
1228401 849
1231115 1035
1232571 807
1234088 817
1236826 850
1239120 969
1239590 1228
1239753 1049
1241357 1053
1241543 856
1243961 938
1244795 898
1244938 995
1245205 1109
1245281 905
1246554 550
1247323 1048
1250356 1066
1251138 996
1251960 1032
1252333 1138
1254801 918
1259765 1179
1259954 1066
1260123 908
1260570 1125
1262140 1004
1262264 1030
1263151 923
1263917 933
1264617 977
1265379 1065
1266813 814
1271504 1036
1271756 1076
1276025 912
1276752 1083
1276993 1100
1278454 1165
1279018 795
1282600 916
1282980 917
1283590 928
1283857 946
1284104 1018
1286733 1044
1287166 911
1296426 1259
1300237 978
1300607 878
1303172 850
1303925 932
1305133 1027
1306482 930
1310987 1088
1311664 849
1311872 959
1313222 817
1324482 948
1325204 1009
1326106 1112
1327192 846
1328579 1014
1330529 986
1330729 720
1334108 1095
1335030 1036
1337868 1140
1338128 920
1338148 995
1340106 831
1341571 936
1344692 933
1344752 1148
1348470 826
1348516 860
1352142 916
1355247 963
1361861 987
1362304 1130
1368259 1103
1371882 980
1373856 769
1374320 1051
1375255 956
1375520 962
1377700 904
1378860 920
1380784 790
1383551 1062
1386572 1061
1387679 921
1390827 910
1391672 910
1394324 967
1396965 811
1397673 1091
1398335 888
1399694 910
1401346 968
1402229 763
1403157 954
1416814 1020
1420943 888
1421102 1037
1423230 868
1429134 1033
1433886 891
1437541 807
1448138 1126
1452284 877
1452935 990
1454440 1005
1454727 788
1456248 754
1456755 838
1457277 874
1459068 841
1462031 957
1464873 995
1465176 1061
1469440 1078
1470531 1003
1471031 944
1473677 1076
1473696 886
1475513 836
1475598 837
1476689 847
1479578 873
1479616 926
1483958 1005
1484962 987
1486634 847
1487972 957
1492667 945
1494318 844
1497340 1007
1497389 943
1501678 990
1506536 965
1509058 747
1509543 911
1512056 1145
1513600 857
1517358 1008
1519372 1134
1522417 636
1522704 502
1524424 844
1526820 1001
1530195 1077
1539026 1058
1539285 668
1540550 895
1544973 954
1551097 999
1553620 908
1553630 851
1554236 740
1557271 864
1561068 791
1571979 1144
1572344 966
1573495 852
1574535 896
1578950 856
1579339 901
1590528 1014
1593274 973
1594142 768
1597356 686
1602841 1030
1619353 586
1620509 898
1621939 782
1624677 1061
1631014 666
1631688 896
1632944 926
1636597 970
1646248 955
1649301 870
1659578 1076
1667402 1004
1669845 774
1670554 908
1670788 985
1675084 781
1694569 1070
1697421 852
1701201 1098
1730536 960
1731513 860
1738094 702
1744875 1014
1745406 991
1758314 905
1761795 1003
1764191 789
1779307 991
1781405 976
1785237 965
1801605 955
1802137 987
1821441 914
1830544 880
1841550 1047
1843825 929
1866534 905
1879215 696
1899904 916
1902970 818
1941507 1047
1947873 838
1975939 842
1980571 1055
1982648 584
2008781 734
2038391 895
2044857 1049
2045207 820
2067254 825
2082220 918
2084408 954
2087207 950
2087616 860
2095666 818
2108276 938
2115580 847
2119577 777
2122274 975
2125778 892
2137145 627
2137321 893
2149041 843
2151150 762
2155638 880
2163392 868
2171024 920
2245459 948
2276605 836
2316698 684
2322604 777
2325778 898
2340453 661
2348145 990
2373803 969
2377223 722
2378991 918
2382248 757
2407895 947
2431511 985
2442784 883
2443862 829
2457332 1105
2457519 943
2522726 965
2528125 788
2558407 811
2564446 806
2669898 712
2709883 679
2711549 983
2714556 734
2722538 985
2810784 919
2887501 855
2972146 919
2979088 835
2996763 807
3007008 845
3059385 949
3114093 955
3263773 753
3390307 893
3396206 696
3489268 854
3562659 904
