562872 1275
599793 2316
607121 2301
613132 2281
620097 1137
624950 1766
625956 2232
630466 1607
634060 1407
635684 2203
638201 2083
640347 1053
642760 2254
642879 2146
645488 1954
647339 1503
650141 2034
650274 2317
654517 2308
655063 1822
655538 1983
656854 2005
657177 1964
658440 1745
659409 1837
661363 2267
661363 2267
661363 2267
661363 2267
661363 2267
661363 2267
661363 2267
661363 2267
661363 2267
661363 2267
661363 2267
661363 2267
661363 2267
661363 2267
661363 2267
661363 2267
661363 2267
661363 2267
661363 2267
661363 2267
661363 2267
661363 2267
661363 2267
661363 2267
661363 2267
661363 2267
661363 2267
661363 2267
661363 2267
661363 2267
661363 2267
661363 2267
661363 2267
661363 2267
661363 2267
661363 2267
661363 2267
661363 2267
661363 2267
661363 2267
661363 2267
661363 2267
661363 2267
661363 2267
661363 2267
661363 2267
661363 2267
661363 2267
661363 2267
661363 2267
661363 2267
661363 2267
661363 2267
661363 2267
661363 2267
661363 2267
661363 2267
661363 2267
661363 2267
661363 2267
661363 2267
661363 2267
661363 2267
661363 2267
661363 2267
661363 2267
661363 2267
661363 2267
661363 2267
661633 1960
662882 2168
663568 1718
666201 2152
669330 2132
669736 1859
670209 1765
670406 1899
671588 1535
674301 1632
674434 1569
675122 2137
675738 2065
678837 1785
680529 2014
681437 1823
682931 1848
683021 2107
683116 1314
683842 1736
684162 1872
684446 1590
684850 1967
685571 2068
691918 1943
691920 1649
693890 1815
695109 1281
695235 1832
697111 2019
697239 1604
697796 2065
700003 1544
700373 2044
702948 1811
703376 2008
703527 1761
704717 2261
706614 1909
707335 1447
707556 1962
707977 1661
709441 1911
709639 1707
709991 1828
710869 1474
711146 2039
712003 1750
714315 1973
715039 1489
717806 1684
718903 1485
719436 1565
719438 1478
720372 1463
721061 1577
721240 1663
722924 2019
723128 1310
723180 1724
723733 1591
724299 1715
724532 1706
725255 1737
725710 1643
726135 1675
726775 1399
728219 1609
729051 1760
729571 1523
731064 1486
731440 1726
732279 1921
732354 1559
732904 1526
733146 1599
733332 1718
734776 1536
734840 1533
735411 1422
736145 1607
736870 1499
737155 1528
737600 1498
738259 1465
738356 1790
738607 1470
739078 1727
739477 1733
739808 1660
740036 1938
740433 1636
740858 1735
740981 1653
741368 1674
743192 1416
743908 1668
744273 1631
744476 1784
746594 1634
747236 1792
747950 1769
747962 1682
748648 1476
748983 1541
750605 1139
751479 1213
751481 1813
753788 1871
754318 1642
754344 1814
754570 1500
754692 1699
754931 1647
755584 1009
757575 1321
757917 1570
758649 1694
758761 1495
759260 1545
759430 1443
759831 1625
760030 1753
760782 1448
761702 1531
762687 1463
764297 1453
765092 1479
765710 1364
767215 1365
767281 1519
767878 894
767894 1702
768764 1718
768813 1566
769361 1349
769551 1584
769753 1318
770806 1622
771055 1253
772650 1731
772816 1533
773158 1346
773454 1568
776031 1352
776281 1361
777203 1328
778095 1461
778923 1447
779847 1434
780326 1460
780515 1343
780766 1526
781037 1379
781596 1317
783531 1501
784434 1566
784583 2014
784610 1389
784906 1760
785833 1430
786353 1405
786642 1517
786833 1807
787508 1664
788402 1628
790343 1487
790666 1279
791449 1458
791580 1428
793956 1382
794831 1807
795096 1603
795703 1627
796649 1522
797619 1381
798667 1427
798822 1555
799284 1469
799301 1506
799564 1423
800190 1408
800357 1440
800419 1469
800833 1225
801495 1375
801710 1446
801940 1513
803842 1466
803994 1259
804027 1583
804525 1306
806150 1268
806441 1389
807083 1406
807563 1135
807993 1463
808027 1312
808634 1479
809253 1238
810223 1568
810527 1615
811420 1476
811514 1525
811858 1585
812802 1409
813841 1398
813923 1686
814110 1359
814116 1475
814207 1438
815030 1510
815042 1525
817312 1504
817548 1259
817791 1034
817859 1689
818421 1431
818598 1316
818815 1578
819897 1261
819968 1229
820141 1293
820290 1480
820420 1584
821030 1315
821378 1388
821395 1583
822534 911
822709 1502
823769 1545
824143 1436
824411 1415
824779 1408
825197 1403
825329 1521
825686 1324
825875 1670
826686 1360
828126 1527
828363 1445
828472 1734
829191 1587
829834 1323
829974 1556
830236 1589
830512 1560
831094 1272
831772 1388
831971 1627
833499 1465
835685 1265
835697 1521
836778 1504
836924 1319
837134 1365
837866 1192
838442 1358
839171 1368
839293 1392
839855 1501
842459 1527
842536 1491
842633 1310
842915 1352
843113 1594
843596 1491
843998 1657
844439 1492
844495 1375
844610 1461
844640 1280
844795 1389
845097 1378
845548 1534
845735 1211
846081 1125
846513 1386
846713 1317
847417 1533
847575 1440
847968 1472
848482 1453
849074 1480
850229 1308
850644 1450
851680 1390
851788 1391
851845 1377
852059 1413
852284 1409
852454 1478
852513 1441
853669 1167
854054 1517
854148 1155
855604 1265
856103 1497
856123 1327
856805 1082
858152 1293
858557 1382
859091 1376
860369 1090
861473 1203
862023 1440
862093 1400
862706 1431
862811 1311
862989 1332
863912 1447
863949 1514
864021 1423
864072 1325
864455 1364
865314 1549
866508 1326
866867 1445
868006 1661
868111 1361
868627 1357
868929 1398
869228 1529
869496 1518
869543 1425
869608 1269
869687 1504
870139 1301
870720 1232
871222 1400
871312 1428
872323 1385
872543 1389
872597 1466
872657 1392
874516 1337
875552 1304
875587 1345
875901 1335
875906 1269
876792 1548
877781 1432
877907 1270
878041 1473
878758 1336
880297 1422
881118 1512
881778 1348
881859 1208
882061 1415
882975 829
883019 1361
883115 1457
883473 1388
885578 1300
886351 1426
887041 1441
887229 1509
887273 1241
888038 1434
888295 1446
888542 1302
888932 1328
889550 971
889963 1334
890225 1051
890341 1429
890434 1277
890591 1522
890990 1309
890996 802
891033 1465
891267 996
891358 1342
891726 1437
892178 1326
892488 1511
892522 1300
892804 1383
893099 1208
893149 1484
893468 1534
893856 1411
893999 1414
894475 1093
894689 1376
894717 1443
895370 1350
896339 1307
896478 1249
896584 1292
896785 1210
897182 1258
897368 1332
897699 1145
897844 1121
898136 1520
899530 1428
900543 1305
901521 1448
902309 1395
902529 1403
902897 1334
903017 1170
903098 1238
903544 1277
903589 1262
903647 1234
904515 1296
905171 1311
905377 1465
905418 1214
905799 1468
906082 1347
906402 1428
906450 1376
906616 1279
906687 1130
906716 1395
907046 1174
907056 1381
908421 1120
908473 1299
909458 1306
910697 1376
910811 1312
911066 1331
911627 1197
911762 1148
912281 1463
912718 1410
913231 1200
914019 1323
914160 1313
914220 1314
914636 1063
914955 1167
915123 1266
915244 1267
915583 642
916600 1342
916614 1128
916699 1340
917046 1348
917758 1343
917814 1168
918119 1024
918408 1298
919127 1179
920600 1316
920668 1410
921446 1319
921990 1089
922025 1283
922240 1125
923046 1534
923208 1530
923266 1199
923386 1368
924522 1279
925229 1502
925298 1430
925562 1423
926025 1476
926289 1308
926325 1313
926538 1071
926564 1022
926858 1332
927480 1365
927635 1370
928962 1367
929024 1527
929431 1404
929854 1350
930015 1417
930244 1315
931658 1110
932118 1519
933050 1276
933402 1037
933476 1267
933563 1447
933889 1264
934725 1508
934867 1413
935325 1219
935396 1098
935997 1283
936476 1329
936603 1245
937441 1266
937527 1299
937572 1189
937920 1226
938189 1395
938463 1282
938513 1356
938639 1175
938790 673
939633 1173
940003 1570
940175 1307
942015 1286
942146 1091
942295 1218
942457 1522
942981 1153
943221 1333
944069 1379
944218 782
944384 1302
946005 1236
946604 1205
947172 1380
947368 1292
947459 1376
947581 1259
948133 1395
948282 1175
948307 1398
948639 1407
948747 1404
949608 1155
949638 1257
950230 1343
951604 1188
952951 1231
952951 1226
953085 1253
954621 1341
955862 1381
955999 1411
956857 1316
957226 1314
957965 1430
958284 1288
958291 1110
958515 1181
959169 1409
959461 1251
959680 1363
959805 1156
960371 1419
960664 1212
961341 1210
961387 1309
961447 1434
961635 976
961777 1300
962444 1113
962591 1362
962826 1436
964171 1200
964378 1196
964404 1280
965291 1307
965349 1105
965513 1350
965748 1222
965987 1225
966221 1322
967458 1222
968510 1306
969155 1274
969668 1596
969743 1184
969768 1278
970092 1358
970099 1182
970919 1414
972474 964
974044 1082
974307 1248
975185 1185
976323 1355
976524 1057
976615 1168
976693 1275
977544 1380
977690 1351
978019 1198
978234 1261
978488 1315
979086 1223
979114 1250
979144 1264
980357 1261
980786 1274
982341 1013
982616 1089
983643 1247
984302 1153
984874 1037
984933 1542
984997 1305
985190 1233
986455 1351
986585 1228
987826 1238
988644 869
988664 1227
989217 1109
989408 1346
989419 1329
989514 1314
989659 1434
990012 1157
990076 1052
990284 1242
990508 1105
990786 1104
991752 1145
992147 1096
992890 1366
992890 1324
992980 1316
993314 1264
993636 1098
994225 1274
994601 1114
994856 1278
995809 1066
995947 1337
996281 1305
997647 1159
997700 1289
999031 1213
999062 1225
999515 1253
1001413 1248
1002067 1268
1002082 1102
1003056 1390
1003612 1078
1004399 1059
1004703 973
1004705 1132
1005078 1314
1005380 1164
1005586 1217
1006827 1217
1007349 1050
1007895 918
1009633 1130
1009796 1195
1010275 898
1010527 1258
1010557 1332
1010651 1413
1011625 1155
1012763 1233
1013361 1135
1013552 882
1013620 1400
1014621 1233
1015564 1062
1015693 1510
1016977 1264
1017304 1265
1017572 1300
1018525 1280
1018989 1229
1019624 1079
1019878 1187
1020227 1314
1020538 1098
1021911 1203
1023699 1089
1023716 1293
1024802 1274
1026592 1378
1028684 1323
1030691 924
1031353 799
1031490 1169
1032095 1169
1032422 1500
1032984 1132
1033144 1024
1033521 1105
1033997 1230
1038182 992
1038354 1087
1038363 1087
1038678 1284
1039217 1205
1039520 1297
1040546 1003
1040792 991
1040819 1226
1041047 1151
1041074 1218
1041204 1241
1041748 1135
1042133 1363
1042339 1141
1042406 1209
1042463 1113
1042905 1222
1042955 1311
1043240 1268
1044826 1156
1046384 1215
1047109 1183
1047532 1347
1048088 1193
1049483 1193
1049925 1235
1050033 1130
1051443 1296
1051657 1155
1052049 1348
1052152 1245
1052384 1312
1053763 1252
1054076 1399
1054338 1212
1055130 1228
1055959 1074
1056320 1510
1056951 1316
1057102 1134
1057662 1035
1058708 1215
1059888 1138
1059999 1013
1060553 1271
1060993 1120
1061228 1082
1061444 1188
1062727 1234
1062813 976
1064836 1237
1064959 1094
1065854 1126
1067174 1156
1067664 1153
1067782 1241
1069095 1210
1069636 1183
1070451 1167
1070482 1052
1071640 1279
1071727 1400
1071785 1281
1072526 1046
1072653 963
1073194 1204
1073616 996
1074045 1096
1074378 1019
1074623 1294
1074642 1292
1075510 1116
1076392 1277
1076694 1092
1077041 1334
1077090 1148
1077333 1176
1077837 1203
1078060 1218
1078568 1209
1079161 1282
1079526 1335
1079807 1273
1081209 754
1081665 1096
1081671 1364
1081860 1302
1081986 1369
1082067 1173
1082501 1285
1082716 1215
1084077 1041
1084206 1287
1084844 1170
1085372 1122
1085957 1163
1086043 1107
1086490 1168
1087022 1087
1087172 1065
1087209 973
1087684 1282
1089249 1009
1089673 1149
1090206 1319
1090683 1255
1090724 1173
1090773 1114
1090946 1217
1091230 1240
1091505 1091
1091548 1253
1092680 1151
1093812 1224
1094273 1056
1094674 1166
1094927 994
1095289 1002
1096366 1090
1097385 1047
1097390 914
1098694 1141
1098857 1167
1099098 1314
1099453 1290
1100097 1067
1100362 963
1100480 1110
1101534 1213
1101649 1038
1101997 1088
1102755 1129
1107542 839
1107590 1284
1109396 1245
1109868 1109
1109921 1082
1110230 1276
1111447 1219
1111558 1314
1112093 1141
1112275 1111
1112348 1016
1113051 1017
1114138 1309
1114837 1116
1115350 1144
1116997 1279
1117058 1073
1117071 1210
1117345 1172
1117361 941
1117880 1066
1118159 1286
1118649 1111
1119158 1249
1119410 1338
1119417 1236
1119824 1173
1120363 1231
1121643 769
1122639 1089
1122779 1246
1123077 1101
1123268 1126
1123363 1161
1124004 1084
1124358 1137
1125768 975
1126010 1161
1126193 1241
1127047 1006
1127757 1068
1127920 1249
1128504 1103
1128992 951
1130200 1116
1130556 1125
1132404 939
1132844 1050
1133361 1124
1133680 1233
1134312 1169
1134884 1190
1134927 1271
1136685 867
1136701 1024
1136734 1153
1137707 1263
1138210 1021
1138210 1204
1138505 1231
1139232 1118
1139375 1034
1140224 1110
1140570 1070
1140734 1095
1141120 1151
1141771 1057
1141874 1274
1141938 1172
1142070 1096
1142142 915
1142663 851
1143526 1204
1143566 1049
1144449 1226
1144493 897
1144678 1207
1144892 1015
1145003 1240
1145194 1193
1146350 1181
1146700 1192
1147760 1056
1148276 1231
1148686 1195
1148852 943
1149260 1223
1149995 913
1150656 1083
1151487 1186
1151950 1036
1152793 1094
1152847 727
1155579 1033
1155815 979
1157372 923
1157977 1141
1159608 1177
1159852 1224
1159977 1048
1160011 1118
1161316 1105
1162061 1207
1162261 1095
1163577 1229
1164259 1186
1164395 1064
1164465 842
1164725 1097
1165524 995
1166851 1174
1167410 968
1169579 1002
1170985 1144
1171719 1087
1172236 1278
1172310 973
1173411 1114
1173416 1180
1173444 1097
1174313 1033
1174322 1249
1174463 1018
1174881 1041
1175579 1153
1175753 1178
1175943 1290
1176163 1111
1176567 1223
1177135 985
1177168 1124
1177524 1306
1178626 1169
1179335 1028
1179841 1148
1180062 1296
1180069 1086
1180823 1138
1181406 1294
1182259 1122
1182604 1215
1183292 1060
1183373 1218
1184183 1111
1184615 1035
1184772 1045
1185232 1031
1186255 1152
1186656 1240
1187072 1077
1187421 996
1187548 1043
1188890 1177
1189328 1151
1191261 941
1191376 829
1191517 704
1191519 1417
1192814 1063
1193431 1273
1193518 1275
1195027 1124
1195339 1091
1196006 1161
1198200 967
1198712 1063
1199020 977
1199421 1172
1200552 1233
1200594 1047
1202205 1097
1202919 1026
1204285 1081
1204986 1211
1206288 737
1206307 911
1206324 954
1206416 1231
1206509 893
1207430 992
1207888 1021
1208887 979
1209233 971
1211020 1211
1212931 1150
1214477 998
1214623 994
1214834 1206
1216455 1352
1217288 1261
1217383 1151
1217699 1078
1219075 1315
1219327 1088
1219743 596
1221271 908
1221955 1137
1223041 1132
1224199 935
1224230 926
1224384 1040
1225046 1099
1225701 1108
1226724 932
1227592 1066
1227852 1146
1229502 1202
1229813 987
1231448 800
1232939 1051
1233490 989
1234993 1225
1235882 1214
1236335 1001
1237584 778
1239226 1081
1240864 982
1242907 1084
1247172 1134
1247469 810
1250314 862
1254602 1083
1255040 1257
1255099 1139
1257123 1117
1257460 908
1257503 868
1259085 1017
1259440 1010
1259534 1267
1260819 1019
1261573 1290
1261826 823
1262064 1020
1264273 963
1264773 1042
1266000 1019
1267042 1271
1267237 1011
1267441 994
1267487 1310
1268072 1215
1268184 973
1268609 1235
1268816 1267
1268844 1087
1271469 901
1271736 977
1272199 851
1272434 1094
1273268 1039
1274334 989
1274787 1065
1274799 1120
1275209 1010
1275608 1242
1276431 952
1277520 1059
1278332 826
1278347 989
1279164 1016
1279170 829
1279269 1090
1279503 1125
1281539 1061
1282733 1010
1283044 902
1283143 927
1283936 1168
1284341 1333
1284785 1200
1285124 1088
1285283 1131
1286163 1165
1286217 1167
1286695 1099
1287118 1356
1288783 1077
1288888 1197
1289148 754
1289815 1100
1290265 1098
1290690 914
1294262 850
1294294 761
1295755 1247
1296456 1079
1296738 1097
1296903 1004
1298495 1112
1298893 947
1299744 1074
1300045 1093
1300742 1073
1300767 1089
1301323 1042
1301841 1130
1302070 1233
1302505 1134
1303316 1128
1304557 1155
1306294 1100
1306579 959
1306866 1153
1307569 969
1308013 976
1309582 1110
1310103 1097
1311344 1177
1311582 1097
1314104 955
1314366 1140
1314645 1100
1315444 1094
1315716 1058
1315828 1212
1315829 1077
1315858 953
1316612 1067
1318380 1081
1319352 1042
1320630 926
1322614 1053
1323175 1015
1325558 1045
1325766 1026
1325810 833
1325977 810
1327326 974
1328222 1291
1328276 751
1328687 1010
1329765 1019
1330356 1003
1330954 1070
1331457 934
1333170 938
1334716 1005
1334978 968
1335229 1080
1335673 1050
1335915 894
1337579 1088
1338513 1138
1338535 1110
1339954 1084
1339993 901
1340184 959
1344090 912
1345034 1190
1345171 1085
1346078 1052
1348723 1075
1349702 995
1350463 1122
1351308 916
1355033 961
1355482 903
1355550 1048
1355565 1025
1355797 725
1356021 1112
1357035 875
1358721 1131
1361015 1161
1361424 883
1362444 1040
1363584 968
1364475 1001
1364848 1103
1365039 1112
1365220 1068
1366065 966
1367963 813
1369225 1095
1369946 1129
1370884 980
1371935 1047
1371944 900
