414674 2317
416163 2301
422817 2137
426361 1745
427007 2232
427940 1954
431368 1983
435010 2281
436288 1766
436863 2203
437935 2316
438416 1661
439961 1822
441118 2146
441131 2152
442834 2308
443122 1962
443342 1668
445393 1859
447046 1837
451836 2267
454009 1960
455421 1848
456315 1964
457270 2132
457911 2254
461235 1784
461458 1590
462846 1607
463203 1823
463243 2083
466032 1750
466370 1275
467109 1649
467636 2168
469894 2065
472670 2019
472987 1707
473114 1815
473813 1607
474179 2107
474952 1328
475319 1832
476811 2039
477032 2068
477686 1921
478342 2261
478450 1314
479830 1541
481083 1407
481444 1811
482522 1872
482984 2014
484180 1526
484391 1466
484915 1625
485300 1726
485698 1534
486301 1760
486842 1736
487195 1485
488429 1737
489168 1525
489565 1790
489574 1727
490829 1503
491922 1343
492877 1584
492885 2034
493439 1715
493964 2019
495190 1360
495225 1938
495453 1643
495468 1599
497166 1807
498107 1448
498932 2005
500282 1871
500325 1682
500605 1718
502741 1631
502840 1718
503397 1899
503821 1310
504735 1792
505230 1321
506453 1702
506496 1675
507161 1733
507205 1213
507530 1674
507590 1498
510484 1565
510969 1406
511419 2065
511791 1911
513127 1735
513355 1632
514383 1909
514511 1706
514738 2008
514990 1568
516276 1577
516526 1446
516881 1500
517420 1765
517649 2044
517751 1469
518092 1536
518511 1813
519060 1460
519203 1526
519902 1699
520025 1447
520508 1973
521181 1523
522273 1622
522839 1634
522990 1430
523218 1731
523439 1642
523813 1967
524211 1335
524326 1415
525038 1828
525680 1489
525824 1724
527028 1943
527851 1627
528401 1694
528457 1093
530352 1447
531142 1399
531898 1566
532109 2014
532191 1431
532999 1785
533750 1591
534250 1389
534699 1647
534734 1474
535039 1513
536591 1585
536741 1734
536940 1438
536952 1814
537247 1670
537454 1570
537612 1259
537922 1299
538849 1139
539031 1469
539098 1499
539447 1461
539717 1769
539988 1422
540736 1653
540812 1761
540819 1517
541125 1137
541252 1478
541535 1486
542502 1009
542578 1361
542606 1427
542789 1566
544358 1545
544569 1491
544591 1604
545782 1400
545890 1603
546058 1502
546232 1167
546333 1533
546887 1560
547544 1279
547769 1807
547806 1336
547841 1383
548507 1392
549151 1663
549571 1568
549728 1484
550493 1463
551006 1413
551032 1487
551908 1556
552094 1352
552401 1211
552426 1627
552684 1501
553130 1760
553598 1718
554838 1615
554959 1233
555650 1274
558316 1453
559391 1535
560450 1555
560552 1508
560596 1389
560610 1272
560910 1270
560923 1365
561025 1628
561118 1502
561301 1446
561324 1753
561969 1253
562380 1578
562748 1443
563360 1329
564430 1584
564841 1519
564895 1559
565777 1309
565791 1208
566329 1533
566429 1365
566523 1527
567138 1527
567798 1349
568111 1281
568149 1609
568300 1334
568712 1269
568806 1148
569775 1225
570203 1388
570679 1341
571152 1365
572462 1549
572686 1315
573491 1135
573644 1380
573734 1475
574461 1528
574782 1409
574963 1587
575254 1512
575495 1352
576418 1386
576484 1437
576499 996
576597 1381
576839 1389
577277 1522
577374 829
577465 1434
577475 1434
577509 1544
577670 1569
578454 1299
578795 1440
579847 1504
579988 1686
580692 1379
580860 1657
582243 1530
582981 1684
583495 1170
583893 1377
583918 1334
583967 1450
584725 1293
584910 1525
585165 1275
585413 1545
586617 1440
586911 1465
587132 1327
587243 1317
587301 1376
587316 1465
587321 1053
587366 911
587396 1269
587407 1476
587712 894
587748 1430
588144 1583
588305 1128
589088 1331
589131 1328
589203 1428
589210 1342
589656 1022
589794 1381
590290 1463
590295 1364
590295 1193
590319 1197
590487 1318
590541 1531
591054 1388
591499 1409
591668 1441
592834 1182
593407 1461
593764 1277
593864 1311
594264 1453
594667 1229
595509 1664
596085 1350
596556 1317
596706 971
596965 1376
597009 1391
597331 1497
597641 1478
598124 1283
598154 1013
598309 1589
598393 1405
598421 1422
598745 1431
599260 1415
599301 1398
599592 1463
599702 1307
600131 1403
600198 1062
601618 1414
601779 1583
602073 1492
602625 1425
602787 1465
603094 1110
603266 1173
603804 1293
604045 1319
605466 1350
605494 1470
605538 1404
605679 1517
606181 1520
606553 1262
607034 1125
607167 1440
607528 1368
607541 1226
607758 1356
608038 1113
608908 1192
608927 1325
609353 1309
609643 1529
609882 1324
610840 1430
610943 1400
611106 1445
611205 1125
612494 1335
612803 1300
612813 1375
612944 1491
613266 1348
613491 1291
613541 1501
614119 1343
615242 1362
615853 1428
616009 924
616300 1426
616408 1305
617092 1323
617219 1441
617411 1231
617747 1661
618407 1570
618544 1410
618834 1096
619358 1594
619493 1479
620225 1416
620872 1458
621089 1448
622160 1521
622220 1379
622414 1479
622441 1329
623770 1348
623971 1689
624098 1408
624200 1267
624948 1511
624989 1636
625012 1264
625503 1510
625729 1495
625968 1376
626027 1447
626077 1480
626166 1261
626857 1368
627689 1376
627775 1316
627931 1382
628210 800
628540 1180
628569 1447
628665 1307
629247 1258
629732 1423
630057 1288
631514 1145
631903 1411
632277 1518
632328 1248
632615 1548
632681 1337
632770 1408
632861 1364
632960 1400
633277 1285
633345 1057
633359 1301
633684 1445
633752 1034
633915 1238
634053 1533
634903 1105
635300 1268
635342 1381
635652 1219
635727 1216
635855 1472
636322 1305
636619 1217
636967 1199
637339 1398
638569 782
638679 1306
639095 1298
639182 1332
639193 1278
639267 1205
639449 1312
639558 1024
639585 1292
639650 1257
639827 1463
640463 1465
641278 1504
641651 1436
641973 1443
642002 1527
642041 1003
642211 1151
642325 1392
642427 1660
643649 1340
643827 1476
643926 1232
644100 1280
644429 1315
644649 802
645029 1378
645855 1361
646468 1358
646509 1509
646645 1120
646838 1350
647086 1388
647236 1283
647496 1398
647678 1504
648103 1345
648165 1428
649327 1132
649388 1542
649781 1473
650046 1423
650445 1304
651362 1168
651628 1274
652022 1203
652302 1411
652391 1189
652614 1357
653317 1296
653859 1367
654169 1130
654326 1245
655068 1181
655192 1156
655496 1282
655567 1200
655730 1364
655800 1300
656556 1389
656610 1265
656710 1215
657465 1476
657597 1337
657776 1302
657933 1241
657952 1521
658156 1119
658189 1428
659001 1316
659228 1403
659699 1245
659887 1395
660002 1208
660676 1280
661549 1090
662408 1414
662981 1266
663152 1534
663335 1506
663862 1222
664042 1466
664504 1312
664522 1468
664587 1195
664770 1347
665709 1323
666378 1480
666840 1153
667213 1307
667357 1105
667508 1375
668322 1292
668783 1272
669585 1522
669996 1222
670024 1122
670558 1184
671032 1446
671099 1098
671155 1135
671406 1247
671977 1268
672010 1343
672152 1258
672203 1596
672589 1251
672746 1419
672932 1395
673019 1249
673389 1390
673563 673
673978 1234
674268 1332
674308 1177
674474 1091
674756 1213
675018 1121
675052 1259
676615 1215
677246 1082
677919 1104
677972 1310
678230 1148
678446 1314
678955 1404
679808 1397
679989 1306
681293 1316
681446 1429
681488 1410
681645 1214
681906 1346
682294 1316
682327 1302
682425 1390
682667 1167
683227 1432
683382 1117
683630 1223
683992 1241
684109 1361
684418 1185
684432 1409
684487 1145
684875 1151
684951 1277
684992 1319
686575 1259
686576 1078
686949 1157
687049 839
687182 1534
687336 1248
687535 1200
687849 1217
688358 1009
688373 1151
688383 1378
688483 1250
688666 1333
688824 1253
689189 1051
689426 1087
689452 1233
689934 1196
690147 1279
690743 1174
690914 1530
691215 1522
691783 1315
691858 1314
692096 973
692131 1434
692253 1204
692775 1265
692917 1175
693100 1233
693669 1358
693677 994
693849 1169
693913 1423
694224 1294
695770 1155
695990 1276
696254 1370
696696 1082
697520 992
697572 1297
697697 1238
697992 1314
698117 1326
698339 1252
698432 1281
698511 1395
698651 1293
698849 1240
698998 1395
699346 1380
699869 1308
699901 1413
700135 1013
700140 1308
700329 1349
701245 1188
701814 1280
701856 1175
702258 1355
702486 954
702764 1182
703115 1261
703319 1385
703353 1257
703430 1319
703786 1249
703808 1279
704892 642
704974 1332
705183 1289
706703 1457
707733 1382
708078 1306
708128 1125
708183 1109
708888 823
709098 1155
709299 1351
709422 1313
710419 1235
710709 1296
711685 1045
711739 1242
712909 964
712945 1417
712962 1238
713573 1141
714022 1063
714030 1451
715316 996
715620 1399
715709 1083
715817 1267
716577 1313
716781 1519
717186 751
717563 1500
717659 1130
718196 1082
719058 893
719069 1215
719225 1088
719658 1122
719954 1350
720186 1348
720188 1116
721622 985
721892 1231
722136 1156
722566 1024
722848 1290
722994 1434
723171 1240
723256 1109
723256 976
723328 1089
723405 1113
724116 1135
724160 1230
724664 1412
724868 1510
725291 1193
726130 1326
726365 1379
727200 1277
727479 1311
727681 1212
727707 1078
728591 1132
728675 1387
729207 1279
729409 1037
729696 1316
729757 1162
730598 1082
730770 1514
730836 1217
730926 1333
730975 1407
731280 1231
732040 1091
732677 1413
734240 1153
734400 1137
734780 1098
734871 1359
735867 1212
736785 1209
737113 1156
737358 1314
737962 1388
738087 1087
738264 1126
739357 1225
739475 1090
740235 1245
740988 1261
741587 1223
742630 1090
742702 1314
742848 941
743790 1064
744384 1284
744500 1264
744666 1273
745119 1052
745128 1510
745367 1274
745619 1226
745871 1179
746051 1273
746225 976
746297 1229
746412 1169
746417 1253
746630 1168
747223 1134
747674 1037
747731 1284
748187 968
748221 1332
748433 1267
748544 1059
748818 1118
748874 1060
749074 1207
749109 1041
749451 1195
749705 1366
749746 1253
750011 1227
750305 918
750475 1342
750535 1203
751058 1079
751217 1265
751470 1324
752421 1376
752445 1074
752590 1157
752616 979
752792 1087
752979 1240
753105 1233
754049 1299
754253 1122
754957 1141
755812 1241
756874 1050
756879 1035
757204 1296
757587 1103
757719 1218
757829 1187
758000 1207
758192 1290
758628 1019
758796 1198
758905 1305
759090 1070
759733 799
759760 1124
759988 1436
761025 1112
761990 1320
762639 1323
762852 1089
763108 898
763729 1193
763883 1169
764192 1144
764939 1010
765549 1363
766501 1210
766790 1369
766832 1278
767437 1108
767510 1226
767798 1287
768084 1217
768546 1363
769203 1338
769244 800
769638 1098
770080 1173
770280 1101
770408 1228
770506 1203
771189 1006
772046 1168
772119 1097
772338 1313
772464 1218
772828 1117
773247 1306
773369 1174
773687 1234
774095 1292
774262 1428
774579 1161
774672 1282
774964 1314
775168 810
775342 1225
775441 1271
775765 1215
775874 1169
775883 1314
775916 1130
776122 1377
777209 1347
777507 1268
777604 1266
778478 1052
778959 1213
779299 1096
779343 1081
779454 1238
779458 1309
779632 1300
779857 1118
781362 1190
782363 1210
782903 1134
783132 1276
783133 1063
783148 1116
783377 1282
783432 769
783985 1113
784245 1155
784272 1218
785275 982
785698 1209
785831 996
785895 1225
785979 1126
787796 1167
787922 1231
788035 1089
788503 1155
788617 1233
789353 1164
789789 1227
790200 991
790417 1141
790477 1271
790987 1252
791692 1159
792419 1251
792670 1056
792989 1264
793043 1033
793139 1336
793730 1087
794575 977
794632 1110
795919 1046
796036 1346
797937 1210
798242 1314
798252 915
798710 1294
799151 1228
799344 1277
799710 1154
800091 1173
800375 995
800395 1111
800563 1200
801330 1094
801352 1216
801772 1400
802134 883
802180 1203
802206 704
802252 1289
802332 758
802818 1351
803218 1111
803539 1219
803709 749
803758 958
803932 900
804071 996
804089 1087
804130 1183
804487 1112
804607 1267
804855 1172
804981 1286
805446 1163
805811 1261
805952 1274
805981 1224
805992 1358
806045 1292
806486 1274
807586 1132
807925 1218
807936 963
808586 1322
808669 1300
809188 872
809260 959
809685 1315
809969 1183
810042 1105
810065 1149
810268 1236
810281 1176
810369 1084
810987 1153
811365 1167
811483 1224
811726 1166
811759 1222
812026 1068
812072 1045
812080 1067
813151 1144
813288 1110
813325 1155
814404 1089
814611 1168
815082 1241
815252 897
815369 1285
815651 1277
816041 725
816301 859
816353 1227
817070 1161
817210 1096
817817 1211
818109 1057
818640 1141
818779 1333
819426 1200
819584 1010
819818 1110
820033 1271
820511 1097
821021 867
821728 1302
821794 1017
822057 1166
822063 1066
822443 967
822968 1093
824390 1209
824772 1202
825073 1194
825412 869
825812 1256
826581 1286
827085 1417
827159 1249
827166 1222
827525 943
827699 1059
828155 973
828843 880
828896 1071
829266 1311
829854 1063
830103 935
830523 1016
830740 1120
830792 1167
830947 894
831618 1096
831747 1137
832859 1103
833345 1229
833563 1084
833758 1226
833763 737
834253 1303
834357 1166
834632 1034
835058 1148
835160 1072
835199 1278
835242 1129
835366 1129
835448 969
835770 1252
835832 901
836149 1237
837462 1114
838093 1138
838327 1150
839168 754
839241 1165
839552 1328
839994 1336
840044 987
841037 923
841873 762
842751 1110
843496 1077
843510 1015
843926 1114
845312 938
845481 1294
845603 1403
846507 923
846561 1049
847038 1048
847463 1092
847949 1278
848244 959
848397 1100
850109 1153
850152 975
850398 888
851138 1141
851286 1114
851482 1317
851549 1107
851574 1264
851752 1273
852406 1033
852575 1038
852823 1005
853667 1043
853756 968
854095 1056
854243 1211
854679 911
854950 1084
854966 1105
855542 1181
855689 1111
855967 1095
855981 727
856632 1261
857483 1263
857575 1044
858794 979
858811 838
858982 1194
859816 1140
859849 1257
860287 1099
860792 1068
860995 1102
861251 1310
861294 912
861611 1087
861891 1352
861939 1312
862243 1223
862359 1297
862457 781
862600 1021
862932 1110
863317 1181
863683 1151
863807 1114
863831 1041
864272 1275
864581 1066
864646 1255
865065 908
865867 1242
867432 1073
867583 1073
867626 1188
867841 829
868072 1067
868217 1050
868851 1172
869142 1290
869225 1070
869919 1207
872307 1163
872855 971
873018 1038
873036 1201
873240 951
874123 1249
874615 1031
874742 1073
875362 1078
875597 1040
875750 1088
876300 952
876522 1016
877371 1197
878525 994
878619 1211
879214 1236
879365 1042
879533 1031
879644 1047
879653 1212
879654 941
879993 1072
880756 1186
880878 1172
880948 1153
881401 1055
882083 1058
882955 997
883744 1162
884000 1050
884152 1096
884585 1004
884743 1067
885749 939
885829 1001
886269 1126
886401 1002
886470 1008
886504 994
887310 1190
888126 1204
888260 1234
888665 1206
889372 1084
889644 954
889755 1112
889940 1118
890821 1279
890937 1077
891008 1051
891122 1177
891935 1233
892106 1003
892376 991
892680 1235
893242 1152
893276 882
893779 1221
894273 868
894313 1208
894514 991
894867 1038
895433 851
895639 1120
895768 1051
895896 1340
896214 895
896813 1124
897062 1083
897204 947
897360 902
897369 1071
897519 894
897951 1135
898716 1290
899052 1347
899222 1091
899607 930
899700 1149
900042 1125
900959 1105
901050 1210
901631 1234
901689 1245
901771 1090
902426 1015
902450 1083
903211 1094
903347 1161
903622 1128
903982 1136
904063 838
904499 842
904705 1067
904913 1173
905002 1011
905081 1178
905628 1134
905937 1059
906462 1024
906895 1094
907425 890
907716 1036
908733 1204
908946 1037
909865 913
910384 850
910746 1177
911078 1206
911198 987
911788 904
912233 699
912329 1214
913146 1245
913339 989
913454 951
913965 995
914250 1065
914371 1093
915048 976
916179 1130
917107 1002
917218 1028
918034 1253
918459 1143
918583 921
919877 1063
920173 1081
920247 974
920364 954
920398 1293
920841 1334
921630 1334
921977 1050
922027 979
922265 793
922455 1026
922915 1252
924027 1150
925163 679
925240 932
925533 1018
926569 974
927023 1095
927118 1106
927213 1017
927922 1021
928247 998
928478 1034
928556 1035
928675 914
929319 1116
929915 1042
931041 1267
931273 1187
932496 1203
932513 1161
932549 1089
932638 1098
934276 1316
934333 1094
934408 778
934882 1002
935141 1030
935485 1124
936235 979
938404 1014
939454 989
939651 1075
939965 1115
940904 1110
941062 1151
941070 1085
942136 1112
942210 966
943206 890
943230 1019
944060 969
944292 1131
944516 1102
944653 1131
944679 1025
944945 1118
945616 1158
945779 908
946393 975
948070 1077
948132 1047
948155 1250
949142 826
949250 1258
949315 1144
949320 926
949768 904
949934 1005
950451 1127
950746 987
951372 959
951886 1138
952265 603
952570 1141
952906 1154
953191 1047
953548 1111
953741 1153
953994 1022
954700 1057
954880 1178
955714 1246
957645 1137
959184 1258
959587 1378
959757 1122
960216 761
960258 1131
960805 1247
961047 955
961676 1042
961683 1156
961689 1280
961705 1173
961816 1301
962050 1079
962114 697
962237 1092
962282 1056
962540 915
962735 1113
963029 973
963681 943
963865 898
963944 1121
964091 1131
964490 1039
964797 1019
965062 977
965182 693
965746 1040
967927 1061
967939 1088
968270 1056
968642 1100
969502 1059
969688 978
970066 1080
971122 1049
971539 926
971587 1209
971764 914
972524 1081
973147 851
973581 1040
974894 946
975415 1138
975507 995
975836 970
975955 1228
977111 1002
977130 829
978009 945
978331 1002
978560 1070
978649 1240
978774 1193
979050 1290
979065 1094
979106 1267
979370 1000
979396 1170
979421 988
980167 766
980582 1052
980656 1097
980919 1231
981086 1205
981218 973
981403 1215
981990 1026
982876 1146
983024 833
983107 1007
983543 1145
983971 1118
984093 984
984321 876
986521 1233
986830 1192
987635 1013
987896 1024
987929 963
989618 906
989715 1098
989862 1269
990200 924
990284 1086
990931 1240
991226 1168
991883 992
992257 892
992425 885
992686 1069
993100 579
994603 832
994630 1108
995088 1093
995942 994
996103 1251
996400 1021
996593 1048
996773 1134
996972 923
997084 1206
997369 1038
997910 1070
998526 1140
999667 1003
1001066 936
1001417 1033
1001435 921
1001443 1110
1001466 1086
1001791 1215
1002245 810
1002343 843
1002351 970
1002558 1088
1002771 1073
1002802 832
1003342 1024
1004725 1197
1005160 1175
1005309 637
1005908 813
1006357 1126
1007054 1038
1007233 1067
1007474 934
1008102 1016
1008167 969
1008580 1207
1008910 982
1009228 1290
1009525 896
1010597 1098
1010808 1053
1011763 1133
1011804 993
1011881 1142
1013345 1112
1013878 596
1013893 1212
1013924 936
1015040 953
1015413 1065
1015473 1010
1016331 1052
1017722 1176
1018944 916
1019266 1099
1019470 953
1019993 1195
1022392 1377
1022461 926
1022509 1074
1024394 1053
1024423 1031
1024612 833
1025022 928
1025335 1125
1025871 989
1026884 1110
1027107 960
1028215 1143
1028264 1139
1028748 1085
1028869 1057
1028915 1097
1030554 943
1031030 846
1032386 1083
1033055 1242
1033469 1095
1034916 1106
1035962 812
1036342 922
1037304 1019
1037527 943
1037938 1076
1038573 940
1039416 1073
1039489 1066
1041526 1161
1042285 1001
1042417 1043
1042427 929
1042644 721
1043639 1001
1044538 875
1045482 1033
1045482 1167
1045684 1049
1045860 869
1046135 827
1046151 1040
1046975 1021
1047297 963
1047919 926
1047965 1129
1048098 1208
1048682 1232
1048739 1191
1049042 1192
1050206 968
1050766 993
1050958 1177
1051094 1169
1051100 1135
1051893 1017
1052126 903
1052183 958
1052655 1356
1052823 1088
1054490 970
1054536 1006
1055516 1097
1056359 1190
1056607 1166
1057021 901
1057371 875
1057465 1125
1058286 1226
1059674 733
1059746 1138
1060665 961
1061038 1050
1061106 1005
1062301 889
1062488 1123
1062705 1077
1062838 960
1063331 1289
1063511 908
1063744 901
1064314 1048
1065278 1067
1065436 981
1065587 658
1065606 989
1065728 966
1066768 940
1067655 503
1069196 996
1069501 1291
1069624 845
1070508 1007
1070780 1010
1071060 998
1071443 1101
1071473 916
1072773 897
1072799 997
1072895 1025
1073384 899
1073995 1207
1074181 1179
1074320 1020
1074434 1067
1074958 947
1075147 1144
1075934 1019
1076024 1065
1076226 1044
1076720 1047
1078281 999
1079014 1059
1081114 967
1081304 1030
1083498 1052
1083813 1097
1084334 1105
1084417 984
1084481 1114
1085750 1022
1086585 952
1087080 1157
1087692 1078
1088783 1013
1089186 660
1090391 862
1090488 1031
1091159 892
1093071 1072
1093302 1056
1093508 1151
1095134 927
1095158 1081
1095192 901
1095636 1149
1095760 1036
1096229 952
1096930 959
1096966 758
1098491 1034
1098678 639
1099104 978
1099512 1150
1100630 1082
1101470 991
1102471 1100
1103145 1111
1103984 1186
1104040 964
1104253 1173
1104370 989
1104534 1117
1104536 1225
1105622 973
1106286 631
1106294 948
1106607 1017
1106994 1019
1107546 651
1107950 1060
1108389 883
1109581 1205
1110106 1100
1110665 1088
1110909 874
1110934 986
1111866 1083
1113901 923
1113904 947
1114143 881
1114670 1016
1114972 1000
1115048 1113
1115560 1164
1115822 1152
1116861 1048
1116893 1147
1117107 999
1117626 1006
1117675 952
1120090 977
1120365 847
1121104 998
1122302 878
1123217 859
1123668 996
1123682 1036
1124283 1157
1124947 960
1125075 924
1125718 1233
1127096 1045
1128605 980
1129649 994
1129970 1097
1130162 754
1130165 761
1130235 1096
1131758 1198
1132021 849
1132035 721
1133396 898
1133407 968
1134439 843
1135614 914
1135628 1087
1136324 1020
1138196 1037
1138368 918
1139174 460
1139493 1070
1140094 1135
1141413 933
1141440 1176
1142132 809
1144124 990
1144158 948
1144674 928
1145273 1028
1147419 732
1147454 1216
1147547 945
1148626 958
1148936 862
1149443 1197
1150061 1088
1152167 853
1152609 991
1155015 1064
1155556 798
1156056 789
1157108 1090
1157230 745
1157777 1073
1157987 1054
1157997 779
1161001 993
1161782 841
1161805 989
1162123 1156
1162700 1087
1162868 1006
1166071 1071
1166446 936
1167967 989
1168226 900
1168242 907
1168517 1100
1168526 822
1168703 814
1169945 983
1174355 958
1174690 838
1175085 899
1175547 1016
1176207 1111
1176593 876
1176957 667
1178485 1185
1178625 949
1180461 942
1185340 957
1185487 946
1185816 947
1186108 1101
1186339 1057
1186456 953
1186762 993
1189003 848
1190014 1128
1191595 1148
1191644 1039
1192223 1269
1192417 841
1192451 997
1192558 1054
1192792 1105
1192802 723
1193056 1165
1193134 534
1193350 791
1193712 1023
1194737 1041
1194808 1030
1196846 1039
1200652 728
1201229 1158
1202096 859
1202572 970
1203201 1039
1203593 1044
1204017 855
1204047 1167
1208168 994
1209711 871
1209972 1095
1209978 1000
1210401 1052
1211143 998
1212532 608
1212649 1169
1213447 968
1214181 996
1214433 972
1214760 1178
1215296 486
1216087 1064
1216350 1071
1219446 980
1220633 877
1220726 982
1220747 1119
1221767 1013
1225942 764
1226749 964
1226816 664
1227457 1065
1228131 808
1228314 1106
1229359 1012
1231026 1231
1232257 1028
1232994 1023
1234725 995
1237888 1052
1239624 934
1240573 1038
1240982 965
1241516 1173
1241554 873
1242211 849
1245155 1164
1245391 836
1248229 847
1249018 898
1249565 1088
1251996 1182
1254075 1033
1258925 828
1263508 895
1265257 843
1267099 766
1268019 1000
1268384 929
1268443 733
1268687 1052
1269263 933
1270793 963
1271409 1065
1274237 992
1275383 983
1277531 1156
1277950 892
1278511 899
1279095 587
1279620 1144
1280009 1006
1280441 939
1280939 831
1283160 901
1283773 807
1284991 650
1285438 851
1286238 1036
1293861 1166
1295560 1020
1296026 775
1298292 1100
1300152 820
1300215 1072
1301019 879
1305455 834
1305782 880
1309183 817
1309587 993
1313170 930
1313610 896
1314434 860
1315441 938
1316512 886
1316539 1066
1316849 1050
1316919 1135
1318407 1034
1318504 875
1318944 746
1319182 899
1319785 1010
1322436 858
1322641 905
1322836 1035
1323754 800
1323876 866
1324183 1028
1324765 831
1325925 754
1326947 1109
1327383 899
1328165 589
1328710 980
1329616 911
1332478 1064
1333004 898
1334026 846
1334337 895
1336281 960
1337096 742
1337888 858
1338238 982
1339534 1197
1340164 803
1341085 912
1341197 1010
1341790 878
1342796 1059
1343158 975
1345387 978
1346649 1093
1348217 703
1348408 1016
1349597 952
1351714 674
1353032 911
1353193 1042
1353413 977
1353680 1031
1354190 948
1355072 810
1356418 1015
1356559 776
1360301 1128
1360486 850
1361545 712
1361981 790
1362200 929
1363437 880
1364336 1037
1364497 1005
1364772 903
1365420 1057
1366051 871
1366812 722
1366815 748
1367479 986
1367572 945
1373261 801
1376144 953
1376255 1090
1376821 1018
1378562 860
1382629 1048
1383009 992
1385159 934
1385409 961
1385877 911
1388622 984
1389378 1015
1389980 928
1390199 1051
1390521 1021
1391817 1001
1393431 911
1394263 763
1397387 827
1397851 833
1398231 942
1398281 1039
1398723 821
1399273 721
1402703 1111
1406418 945
1407682 910
1408641 894
1408719 1080
1408753 894
1409329 1078
1411060 1030
1411509 721
1412438 868
1412681 774
1414756 999
1417920 1175
1418584 1057
1419225 981
1422222 968
1422527 1010
1424006 880
1424334 792
1425346 929
1426123 869
1427110 1005
1427581 965
1428004 773
1429970 815
1430688 1024
1430971 857
1433833 390
1434290 1032
1436570 1116
1436975 895
1439411 849
1442623 786
1446029 1080
1446707 1012
1453842 833
1454219 847
1454558 727
1457061 532
1457176 948
1460561 1119
1460676 698
1463786 1051
1464813 639
1466229 922
1469466 1204
1470331 961
1471738 1036
1474925 876
1475746 945
1476575 1014
1478097 1191
1482499 790
1483587 891
1483603 828
1483752 945
1485299 878
1486970 816
1487173 849
1489204 990
1489403 1065
1490600 953
1490713 951
1491674 1060
1492328 914
1492838 874
1493312 870
1497784 959
1499464 908
1499506 1007
1499844 988
1502483 788
1502747 760
1502779 895
1505845 1086
1507635 807
1508860 833
1509166 987
1509191 951
1512063 910
1512465 1029
1512764 659
1512779 798
1513673 887
1515196 701
1515443 1155
1516077 930
1517485 1209
1520461 908
1522310 883
1522613 970
1523382 1056
1524988 1059
1526450 801
1527441 857
1528076 900
1528161 817
1530814 696
1531442 916
1535310 1016
1539079 602
1541158 1073
1541219 791
1542361 914
1543810 554
1545648 860
1545671 984
1549253 1015
1551773 1069
1554631 1097
1558491 952
1559140 841
1559694 920
1559914 696
1563310 1031
1563519 515
1563747 836
1564878 1037
1566172 834
1566563 707
1567719 912
1568537 875
1571554 668
1572938 1204
1577616 898
1578297 1048
1578903 791
1578917 777
1581210 977
1584762 1052
1585386 913
1585569 1009
1586030 1104
1587738 923
1590484 676
1591461 1210
1593360 897
1594392 1049
1595864 846
1596365 637
1596548 959
1597981 1078
1598669 925
1601819 1000
1602998 831
1608181 1047
1609444 899
1610427 916
1612586 960
1614216 951
1621339 1022
1621568 877
1624816 1074
1625168 905
1631746 958
1633550 713
1635598 845
1635737 858
1640699 855
1643163 1120
1645711 844
1646210 769
1647716 861
1649056 996
1650823 1013
1651659 1071
1654320 990
1655038 1010
1655793 590
1660615 906
1662817 1101
1664322 776
1664521 935
1664644 914
1668337 716
1670426 997
1671051 1009
1671328 941
1672070 983
1676763 859
1684362 902
1685272 1230
1687132 1044
1687799 890
1689388 1180
1689572 888
1691434 868
1693016 676
1694154 1058
1695759 1035
1695978 966
1696000 909
1697308 844
1698143 891
1699511 1049
1699934 903
1700825 869
1708928 1039
1710383 790
1712215 807
1716108 768
1717721 710
1722322 745
1724557 899
1725516 930
1727548 688
1729491 986
1733886 942
1734260 774
1738605 634
1744236 881
1745734 962
1746741 962
1751026 876
1755490 1024
1757584 979
1757755 933
1764509 975
1767374 1009
1769056 778
1771951 814
1777419 822
1779165 902
1785594 844
1787874 973
1789431 953
1792240 944
1794096 680
1795399 973
1797029 879
1801519 1048
1801587 979
1807673 664
1808672 794
1811385 624
1812159 601
1815857 891
1816831 752
1817724 905
1820467 983
1822493 973
1824671 851
1827553 1092
1832697 995
1833036 803
1835155 835
1836754 987
1837497 988
1839257 782
1840455 880
1846645 828
1858182 973
1862259 564
1867833 917
1868248 699
1870564 781
1871105 857
1871652 808
1874832 968
1884360 861
1884934 921
1887698 913
1892972 1030
1893367 941
1895432 867
1898137 966
1898650 841
1902925 625
1914253 789
1916541 940
1916725 932
1923526 883
1926821 936
1928019 848
1930790 730
1930992 875
1937609 760
1952041 941
1955517 917
1964252 890
1970158 849
1977273 879
1979061 805
1982909 801
1993339 870
1994859 981
1997826 734
2005359 879
2006022 912
2020604 786
2023052 897
2027374 962
2033240 759
2034859 1085
2037389 834
2037826 877
2043958 846
2047795 788
2056775 1000
2061854 778
2077844 936
2082337 910
2082416 1004
2088825 722
2090716 683
2112063 914
2127062 980
2128714 781
2136658 900
2138535 936
2138881 777
2146428 879
2155546 730
2160075 933
2169939 798
2184549 949
2186287 980
2188562 816
2190705 989
2198118 834
2198708 1065
2207688 692
2219429 1158
2219536 626
2237425 840
2245182 865
2254015 901
2254892 1010
2260323 931
2277886 873
2279417 1052
2279721 933
2286951 768
2294356 843
2308182 824
2308271 1025
2349533 1105
2374598 821
2374941 888
2384803 677
2400566 1205
2415774 780
2422619 994
2436404 889
2443736 880
2455461 856
2488223 881
2489349 748
2506117 865
2509078 880
2521517 1137
2544746 972
2571300 910
2620469 969
2633569 885
2641482 699
2678061 992
2697152 839
2709649 844
2782219 803
2820795 940
2826997 1063
2834480 742
2839734 814
2938207 986
2990862 838
3049492 939
3079143 973
3079443 780
3087885 716
3101369 1052
3132049 773
3151720 1049
3185821 883
